m	179	101	5	5	0	0	10s	100	1	4511
m	174	109	5	5	0	0	10s	100	1	4511
m	169	119	5	5	0	0	10s	100	1	4511
m	166	138	5	5	0	0	10s	100	1	4511
m	178	150	5	5	0	0	10s	100	1	4511
m	153	160	5	5	0	0	10s	100	1	4511
m	139	171	5	5	0	0	10s	100	1	4511
m	145	202	5	5	0	0	10s	100	1	4511
m	160	221	5	5	0	0	10s	100	1	4511
m	182	217	5	5	0	0	10s	100	1	4511
m	194	181	5	5	0	0	10s	100	1	4511
m	194	206	5	5	0	0	10s	100	1	4511
m	216	231	5	5	0	0	10s	100	1	4511
m	232	211	5	5	0	0	10s	100	1	4511
m	250	205	5	5	0	0	10s	100	1	4511
m	241	180	5	5	0	0	10s	100	1	4511
m	229	162	5	5	0	0	10s	100	1	4511
m	220	145	5	5	0	0	10s	100	1	4511
m	203	141	5	5	0	0	10s	100	1	4511
m	221	179	5	5	0	0	10s	100	1	4511
m	211	194	5	5	0	0	10s	100	1	4511
m	175	175	5	5	0	0	10s	100	1	4511
m	161	191	5	5	0	0	10s	100	1	4511
m	170	233	5	5	0	0	10s	100	1	4511
m	139	222	5	5	0	0	10s	100	1	4511
m	132	205	5	5	0	0	10s	100	1	4511
m	124	187	5	5	0	0	10s	100	1	4511
m	122	169	5	5	0	0	10s	100	1	4511
m	190	177	5	5	0	0	10s	100	1	4511
m	199	157	5	5	0	0	10s	100	1	4511
m	191	145	5	5	0	0	10s	100	1	4511
m	180	125	5	5	0	0	10s	100	1	4511
m	191	118	5	5	0	0	10s	100	1	4511
m	211	169	5	5	0	0	10s	100	1	4511
m	213	183	5	5	0	0	10s	100	1	4511
m	224	200	5	5	0	0	10s	100	1	4511
m	205	215	5	5	0	0	10s	100	1	4511
m	204	221	5	5	0	0	10s	100	1	4511
m	190	185	5	5	0	0	10s	100	1	4511
m	173	195	5	5	0	0	10s	100	1	4511
m	170	209	5	5	0	0	10s	100	1	4511
m	163	215	5	5	0	0	10s	100	1	4511
m	188	229	5	5	0	0	10s	100	1	4511
m	197	239	5	5	0	0	10s	100	1	4511
m	211	239	5	5	0	0	10s	100	1	4511
m	228	229	5	5	0	0	10s	100	1	4511
m	240	222	5	5	0	0	10s	100	1	4511
m	249	215	5	5	0	0	10s	100	1	4511
m	251	195	5	5	0	0	10s	100	1	4511
m	189	162	5	5	0	0	10s	100	1	4512
m	175	162	5	5	0	0	10s	100	1	4512
m	156	155	5	5	0	0	10s	100	1	4512
m	145	150	5	5	0	0	10s	100	1	4512
m	128	160	5	5	0	0	10s	100	1	4512
m	147	151	5	5	0	0	10s	100	1	4512
m	161	171	5	5	0	0	10s	100	1	4512
m	153	179	5	5	0	0	10s	100	1	4512
m	144	195	5	5	0	0	10s	100	1	4512
m	163	209	5	5	0	0	10s	100	1	4512
m	173	218	5	5	0	0	10s	100	1	4512
m	210	215	5	5	0	0	10s	100	1	4512
m	217	204	5	5	0	0	10s	100	1	4512
m	228	194	5	5	0	0	10s	100	1	4512
m	216	191	5	5	0	0	10s	100	1	4512
m	200	177	5	5	0	0	10s	100	1	4512
m	200	168	5	5	0	0	10s	100	1	4512
m	210	155	5	5	0	0	10s	100	1	4512
m	202	143	5	5	0	0	10s	100	1	4512
m	186	129	5	5	0	0	10s	100	1	4512
m	194	118	5	5	0	0	10s	100	1	4512
m	194	113	5	5	0	0	10s	100	1	4512
m	190	97	5	5	0	0	10s	100	1	4512
m	184	111	5	5	0	0	10s	100	1	4512
m	178	120	5	5	0	0	10s	100	1	4512
m	188	140	5	5	0	0	10s	100	1	4512
m	219	161	5	5	0	0	10s	100	1	4512
m	223	182	5	5	0	0	10s	100	1	4512
m	177	197	5	5	0	0	10s	100	1	4512
m	168	175	5	5	0	0	10s	100	1	4512
m	166	158	5	5	0	0	10s	100	1	4512
m	167	146	5	5	0	0	10s	100	1	4512
m	154	140	5	5	0	0	10s	100	1	4512
m	137	151	5	5	0	0	10s	100	1	4512
m	149	209	5	5	0	0	10s	100	1	4512
m	169	235	5	5	0	0	10s	100	1	4512
m	190	240	5	5	0	0	10s	100	1	4512
m	210	243	5	5	0	0	10s	100	1	4512
m	234	228	5	5	0	0	10s	100	1	4512
m	249	209	5	5	0	0	10s	100	1	4512
m	255	185	5	5	0	0	10s	100	1	4512
m	199	191	5	5	0	0	10s	100	1	4512
m	176	187	5	5	0	0	10s	100	1	4512
m	167	182	5	5	0	0	10s	100	1	4512
m	156	193	5	5	0	0	10s	100	1	4512
m	170	209	5	5	0	0	10s	100	1	4512
m	219	217	5	5	0	0	10s	100	1	4512
m	205	206	5	5	0	0	10s	100	1	4512
m	203	173	5	5	0	0	10s	100	1	4512
m	182	171	5	5	0	0	10s	100	1	4513
m	178	145	5	5	0	0	10s	100	1	4513
m	174	133	5	5	0	0	10s	100	1	4513
m	206	154	5	5	0	0	10s	100	1	4513
m	226	181	5	5	0	0	10s	100	1	4513
m	234	197	5	5	0	0	10s	100	1	4513
m	234	170	5	5	0	0	10s	100	1	4513
m	239	155	5	5	0	0	10s	100	1	4513
m	226	140	5	5	0	0	10s	100	1	4513
m	222	131	5	5	0	0	10s	100	1	4513
m	243	143	5	5	0	0	10s	100	1	4513
m	252	164	5	5	0	0	10s	100	1	4513
m	142	181	5	5	0	0	10s	100	1	4513
m	131	191	5	5	0	0	10s	100	1	4513
m	144	161	5	5	0	0	10s	100	1	4513
m	141	159	5	5	0	0	10s	100	1	4513
m	148	140	5	5	0	0	10s	100	1	4513
m	171	151	5	5	0	0	10s	100	1	4513
m	181	172	5	5	0	0	10s	100	1	4513
m	186	206	5	5	0	0	10s	100	1	4513
m	191	217	5	5	0	0	10s	100	1	4513
m	195	224	5	5	0	0	10s	100	1	4513
m	176	235	5	5	0	0	10s	100	1	4513
m	153	225	5	5	0	0	10s	100	1	4513
m	177	243	5	5	0	0	10s	100	1	4513
m	191	243	5	5	0	0	10s	100	1	4513
m	223	238	5	5	0	0	10s	100	1	4513
m	236	233	5	5	0	0	10s	100	1	4513
m	233	213	5	5	0	0	10s	100	1	4513
m	233	201	5	5	0	0	10s	100	1	4513
m	216	213	5	5	0	0	10s	100	1	4513
m	190	195	5	5	0	0	10s	100	1	4513
m	206	178	5	5	0	0	10s	100	1	4513
m	193	154	5	5	0	0	10s	100	1	4513
m	197	130	5	5	0	0	10s	100	1	4513
m	203	120	5	5	0	0	10s	100	1	4513
m	217	148	5	5	0	0	10s	100	1	4513
m	233	161	5	5	0	0	10s	100	1	4513
m	242	181	5	5	0	0	10s	100	1	4513
m	156	205	5	5	0	0	10s	100	1	4513
m	148	180	5	5	0	0	10s	100	1	4513
m	156	168	5	5	0	0	10s	100	1	4510
m	136	166	5	5	0	0	10s	100	1	4510
m	127	172	5	5	0	0	10s	100	1	4510
m	131	189	5	5	0	0	10s	100	1	4510
m	140	206	5	5	0	0	10s	100	1	4510
m	148	221	5	5	0	0	10s	100	1	4510
m	159	230	5	5	0	0	10s	100	1	4510
m	169	242	5	5	0	0	10s	100	1	4510
m	187	243	5	5	0	0	10s	100	1	4510
m	182	221	5	5	0	0	10s	100	1	4510
m	187	195	5	5	0	0	10s	100	1	4510
m	199	184	5	5	0	0	10s	100	1	4510
m	214	176	5	5	0	0	10s	100	1	4510
m	213	159	5	5	0	0	10s	100	1	4510
m	209	151	5	5	0	0	10s	100	1	4510
m	208	135	5	5	0	0	10s	100	1	4510
m	207	128	5	5	0	0	10s	100	1	4510
m	204	124	5	5	0	0	10s	100	1	4510
m	190	137	5	5	0	0	10s	100	1	4510
m	178	138	5	5	0	0	10s	100	1	4510
m	186	149	5	5	0	0	10s	100	1	4510
m	192	161	5	5	0	0	10s	100	1	4510
m	184	168	5	5	0	0	10s	100	1	4510
m	171	162	5	5	0	0	10s	100	1	4510
m	161	168	5	5	0	0	10s	100	1	4510
m	158	152	5	5	0	0	10s	100	1	4510
m	149	155	5	5	0	0	10s	100	1	4510
m	176	197	5	5	0	0	10s	100	1	4510
m	189	216	5	5	0	0	10s	100	1	4510
m	222	212	5	5	0	0	10s	100	1	4510
m	229	185	5	5	0	0	10s	100	1	4510
m	230	177	5	5	0	0	10s	100	1	4510
m	219	165	5	5	0	0	10s	100	1	4510
m	218	163	5	5	0	0	10s	100	1	4510
