ga	191	548	10	10	0	0	30s	100	1	8900
ga	224	546	10	10	0	0	30s	100	1	8900
ga	202	546	10	10	0	0	30s	100	1	8900
ga	215	535	10	10	0	0	30s	100	1	8900
ga	230	526	10	10	0	0	30s	100	1	8900
ga	224	515	10	10	0	0	30s	100	1	8900
ga	239	511	10	10	0	0	30s	100	1	8900
ga	226	496	10	10	0	0	30s	100	1	8900
ga	237	485	10	10	0	0	30s	100	1	8900
ga	226	465	10	10	0	0	30s	100	1	8900
ga	237	465	10	10	0	0	30s	100	1	8900
ga	239	450	10	10	0	0	30s	100	1	8900
ga	224	443	10	10	0	0	30s	100	1	8900
ga	230	435	10	10	0	0	30s	100	1	8900
ga	235	411	10	10	0	0	30s	100	1	8900
ga	228	396	10	10	0	0	30s	100	1	8900
ga	228	380	10	10	0	0	30s	100	1	8900
ga	228	378	10	10	0	0	30s	100	1	8900
ga	239	359	10	10	0	0	30s	100	1	8900
ga	233	335	10	10	0	0	30s	100	1	8900
ga	233	311	10	10	0	0	30s	100	1	8900
ga	237	289	10	10	0	0	30s	100	1	8900
ga	237	272	10	10	0	0	30s	100	1	8900
ga	230	254	10	10	0	0	30s	100	1	8900
ga	241	220	10	10	0	0	30s	100	1	8900
ga	246	198	10	10	0	0	30s	100	1	8900
ga	246	191	10	10	0	0	30s	100	1	8900
ga	222	189	10	10	0	0	30s	100	1	8900
ga	213	189	10	10	0	0	30s	100	1	8900
ga	215	211	10	10	0	0	30s	100	1	8900
ga	215	224	10	10	0	0	30s	100	1	8900
ga	239	200	10	10	0	0	30s	100	1	8900
ga	254	215	10	10	0	0	30s	100	1	8900
ga	230	213	10	10	0	0	30s	100	1	8900
ga	230	198	10	10	0	0	30s	100	1	8900
ga	237	180	10	10	0	0	30s	100	1	8900
ga	230	354	10	10	0	0	30s	100	1	8900
ga	189	539	10	10	0	0	30s	100	1	8900
ga	191	609	10	10	0	0	30s	100	1	8900
ga	183	602	10	10	0	0	30s	100	1	8900
ga	238	549	10	10	0	0	30s	100	1	8900
ga	236	533	10	10	0	0	30s	100	1	8900
ga	179	612	10	10	0	0	30s	100	1	8900
ga	218	612	10	10	0	0	30s	100	1	8900
ga	212	603	10	10	0	0	30s	100	1	8900
ga	203	604	10	10	0	0	30s	100	1	8900
ga	222	614	10	10	0	0	30s	100	1	8900
ga	236	613	10	10	0	0	30s	100	1	8900
ga	259	604	10	10	0	0	30s	100	1	8900
ga	274	604	10	10	0	0	30s	100	1	8900
ga	282	608	10	10	0	0	30s	100	1	8900
ga	296	611	10	10	0	0	30s	100	1	8900
ga	272	621	10	10	0	0	30s	100	1	8900
ga	251	614	10	10	0	0	30s	100	1	8900
ga	243	605	10	10	0	0	30s	100	1	8900
ga	284	595	10	10	0	0	30s	100	1	8900
ga	297	593	10	10	0	0	30s	100	1	8900
ga	300	578	10	10	0	0	30s	100	1	8900
ga	292	574	10	10	0	0	30s	100	1	8900
ga	292	562	10	10	0	0	30s	100	1	8900
ga	303	558	10	10	0	0	30s	100	1	8900
ga	295	549	10	10	0	0	30s	100	1	8900
ga	297	537	10	10	0	0	30s	100	1	8900
ga	295	525	10	10	0	0	30s	100	1	8900
ga	295	520	10	10	0	0	30s	100	1	8900
ga	296	497	10	10	0	0	30s	100	1	8900
ga	299	478	10	10	0	0	30s	100	1	8900
ga	299	453	10	10	0	0	30s	100	1	8900
ga	299	438	10	10	0	0	30s	100	1	8900
ga	299	426	10	10	0	0	30s	100	1	8900
ga	299	418	10	10	0	0	30s	100	1	8900
ga	296	393	10	10	0	0	30s	100	1	8900
ga	295	374	10	10	0	0	30s	100	1	8900
ga	295	350	10	10	0	0	30s	100	1	8900
ga	296	334	10	10	0	0	30s	100	1	8900
ga	297	322	10	10	0	0	30s	100	1	8900
ga	300	316	10	10	0	0	30s	100	1	8900
ga	318	308	10	10	0	0	30s	100	1	8900
ga	328	305	10	10	0	0	30s	100	1	8900
ga	347	305	10	10	0	0	30s	100	1	8900
ga	362	307	10	10	0	0	30s	100	1	8900
ga	379	311	10	10	0	0	30s	100	1	8900
ga	397	314	10	10	0	0	30s	100	1	8900
ga	416	313	10	10	0	0	30s	100	1	8900
ga	425	311	10	10	0	0	30s	100	1	8900
ga	446	305	10	10	0	0	30s	100	1	8900
ga	451	305	10	10	0	0	30s	100	1	8900
ga	468	307	10	10	0	0	30s	100	1	8900
ga	496	311	10	10	0	0	30s	100	1	8900
ga	503	311	10	10	0	0	30s	100	1	8900
ga	511	311	10	10	0	0	30s	100	1	8900
ga	564	311	10	10	0	0	30s	100	1	8900
ga	562	296	10	10	0	0	30s	100	1	8900
ga	562	289	10	10	0	0	30s	100	1	8900
ga	553	288	10	10	0	0	30s	100	1	8900
ga	538	291	10	10	0	0	30s	100	1	8900
ga	518	300	10	10	0	0	30s	100	1	8900
ga	518	312	10	10	0	0	30s	100	1	8900
ga	524	324	10	10	0	0	30s	100	1	8900
ga	532	326	10	10	0	0	30s	100	1	8900
ga	547	326	10	10	0	0	30s	100	1	8900
ga	557	324	10	10	0	0	30s	100	1	8900
ga	538	309	10	10	0	0	30s	100	1	8900
ga	561	333	10	10	0	0	30s	100	1	8900
ga	570	326	10	10	0	0	30s	100	1	8900
ga	575	305	10	10	0	0	30s	100	1	8900
ga	574	284	10	10	0	0	30s	100	1	8900
ga	566	279	10	10	0	0	30s	100	1	8900
ga	547	283	10	10	0	0	30s	100	1	8900
ga	525	284	10	10	0	0	30s	100	1	8900
ga	561	336	10	10	0	0	30s	100	1	8900
ga	546	338	10	10	0	0	30s	100	1	8900
ga	530	338	10	10	0	0	30s	100	1	8900
ga	488	307	10	10	0	0	30s	100	1	8900
ga	426	303	10	10	0	0	30s	100	1	8900
ga	404	303	10	10	0	0	30s	100	1	8900
ga	378	309	10	10	0	0	30s	100	1	8900
ga	418	213	10	10	0	0	30s	100	1	8900
ga	417	191	10	10	0	0	30s	100	1	8900
ga	411	188	10	10	0	0	30s	100	1	8900
ga	392	189	10	10	0	0	30s	100	1	8900
ga	386	229	10	10	0	0	30s	100	1	8900
ga	391	230	10	10	0	0	30s	100	1	8900
ga	404	226	10	10	0	0	30s	100	1	8900
ga	420	221	10	10	0	0	30s	100	1	8900
ga	401	212	10	10	0	0	30s	100	1	8900
ga	399	207	10	10	0	0	30s	100	1	8900
ga	387	193	10	10	0	0	30s	100	1	8900
ga	372	211	10	10	0	0	30s	100	1	8900
ga	372	211	10	10	0	0	30s	100	1	8900
ga	368	186	10	10	0	0	30s	100	1	8900
ga	372	216	10	10	0	0	30s	100	1	8900
ga	383	209	10	10	0	0	30s	100	1	8900
ga	350	205	10	10	0	0	30s	100	1	8900
ga	341	207	10	10	0	0	30s	100	1	8900
ga	332	207	10	10	0	0	30s	100	1	8900
ga	313	208	10	10	0	0	30s	100	1	8900
ga	295	208	10	10	0	0	30s	100	1	8900
ga	286	209	10	10	0	0	30s	100	1	8900
ga	275	209	10	10	0	0	30s	100	1	8900
ga	461	204	10	10	0	0	30s	100	1	8900
ga	471	203	10	10	0	0	30s	100	1	8900
ga	495	208	10	10	0	0	30s	100	1	8900
ga	501	211	10	10	0	0	30s	100	1	8900
ga	520	212	10	10	0	0	30s	100	1	8900
ga	529	211	10	10	0	0	30s	100	1	8900
ga	534	211	10	10	0	0	30s	100	1	8900
ga	563	211	10	10	0	0	30s	100	1	8900
ga	578	211	10	10	0	0	30s	100	1	8900
ga	583	211	10	10	0	0	30s	100	1	8900
ga	608	211	10	10	0	0	30s	100	1	8900
ga	638	212	10	10	0	0	30s	100	1	8900
ga	683	212	10	10	0	0	30s	100	1	8900
ga	705	211	10	10	0	0	30s	100	1	8900
ga	758	205	10	10	0	0	30s	100	1	8900
ga	750	211	10	10	0	0	30s	100	1	8900
ga	732	216	10	10	0	0	30s	100	1	8900
ga	714	216	10	10	0	0	30s	100	1	8900
ga	734	208	10	10	0	0	30s	100	1	8900
ga	713	208	10	10	0	0	30s	100	1	8900
ga	684	205	10	10	0	0	30s	100	1	8900
ga	667	204	10	10	0	0	30s	100	1	8900
ga	654	205	10	10	0	0	30s	100	1	8900
ga	642	207	10	10	0	0	30s	100	1	8900
ga	609	209	10	10	0	0	30s	100	1	8900
ga	575	208	10	10	0	0	30s	100	1	8900
ga	543	207	10	10	0	0	30s	100	1	8900
ga	534	207	10	10	0	0	30s	100	1	8900
ga	522	207	10	10	0	0	30s	100	1	8900
ga	759	218	10	10	0	0	30s	100	1	8900
ga	768	234	10	10	0	0	30s	100	1	8900
ga	766	246	10	10	0	0	30s	100	1	8900
ga	764	257	10	10	0	0	30s	100	1	8900
ga	766	264	10	10	0	0	30s	100	1	8900
ga	770	270	10	10	0	0	30s	100	1	8900
ga	770	279	10	10	0	0	30s	100	1	8900
ga	768	292	10	10	0	0	30s	100	1	8900
ga	767	304	10	10	0	0	30s	100	1	8900
ga	767	312	10	10	0	0	30s	100	1	8900
ga	767	321	10	10	0	0	30s	100	1	8900
ga	767	329	10	10	0	0	30s	100	1	8900
ga	767	354	10	10	0	0	30s	100	1	8900
ga	770	367	10	10	0	0	30s	100	1	8900
ga	763	350	10	10	0	0	30s	100	1	8900
ga	786	355	10	10	0	0	30s	100	1	8900
ga	796	362	10	10	0	0	30s	100	1	8900
ga	812	358	10	10	0	0	30s	100	1	8900
ga	820	358	10	10	0	0	30s	100	1	8900
ga	829	358	10	10	0	0	30s	100	1	8900
ga	842	363	10	10	0	0	30s	100	1	8900
ga	846	363	10	10	0	0	30s	100	1	8900
ga	851	363	10	10	0	0	30s	100	1	8900
ga	879	362	10	10	0	0	30s	100	1	8900
ga	911	361	10	10	0	0	30s	100	1	8900
ga	926	361	10	10	0	0	30s	100	1	8900
ga	949	358	10	10	0	0	30s	100	1	8900
ga	963	357	10	10	0	0	30s	100	1	8900
ga	920	361	10	10	0	0	30s	100	1	8900
ga	901	358	10	10	0	0	30s	100	1	8900
ga	884	355	10	10	0	0	30s	100	1	8900
ga	874	353	10	10	0	0	30s	100	1	8900
ga	854	349	10	10	0	0	30s	100	1	8900
ga	829	337	10	10	0	0	30s	100	1	8900
ga	828	332	10	10	0	0	30s	100	1	8900
ga	828	309	10	10	0	0	30s	100	1	8900
ga	828	289	10	10	0	0	30s	100	1	8900
ga	828	278	10	10	0	0	30s	100	1	8900
ga	828	259	10	10	0	0	30s	100	1	8900
ga	828	247	10	10	0	0	30s	100	1	8900
ga	828	232	10	10	0	0	30s	100	1	8900
ga	828	216	10	10	0	0	30s	100	1	8900
ga	828	203	10	10	0	0	30s	100	1	8900
ga	826	195	10	10	0	0	30s	100	1	8900
ga	826	188	10	10	0	0	30s	100	1	8900
ga	826	179	10	10	0	0	30s	100	1	8900
ga	826	167	10	10	0	0	30s	100	1	8900
ga	826	164	10	10	0	0	30s	100	1	8900
ga	854	79	10	10	0	0	30s	100	1	8900
ga	829	75	10	10	0	0	30s	100	1	8900
ga	813	76	10	10	0	0	30s	100	1	8900
ga	813	79	10	10	0	0	30s	100	1	8900
ga	818	97	10	10	0	0	30s	100	1	8900
ga	820	107	10	10	0	0	30s	100	1	8900
ga	829	111	10	10	0	0	30s	100	1	8900
ga	842	111	10	10	0	0	30s	100	1	8900
ga	843	99	10	10	0	0	30s	100	1	8900
ga	832	88	10	10	0	0	30s	100	1	8900
ga	855	118	10	10	0	0	30s	100	1	8900
ga	847	126	10	10	0	0	30s	100	1	8900
ga	837	130	10	10	0	0	30s	100	1	8900
ga	822	132	10	10	0	0	30s	100	1	8900
ga	807	137	10	10	0	0	30s	100	1	8900
ga	803	128	10	10	0	0	30s	100	1	8900
ga	804	114	10	10	0	0	30s	100	1	8900
ga	805	104	10	10	0	0	30s	100	1	8900
ga	803	91	10	10	0	0	30s	100	1	8900
ga	849	96	10	10	0	0	30s	100	1	8900
ga	857	132	10	10	0	0	30s	100	1	8900
ga	395	395	10	10	0	0	30s	100	1	8900
ga	405	395	10	10	0	0	30s	100	1	8900
ga	424	398	10	10	0	0	30s	100	1	8900
ga	432	398	10	10	0	0	30s	100	1	8900
ga	438	411	10	10	0	0	30s	100	1	8900
ga	435	430	10	10	0	0	30s	100	1	8900
ga	435	432	10	10	0	0	30s	100	1	8900
ga	417	435	10	10	0	0	30s	100	1	8900
ga	406	433	10	10	0	0	30s	100	1	8900
ga	409	426	10	10	0	0	30s	100	1	8900
ga	415	417	10	10	0	0	30s	100	1	8900
ga	423	411	10	10	0	0	30s	100	1	8900
ga	406	397	10	10	0	0	30s	100	1	8900
ga	405	406	10	10	0	0	30s	100	1	8900
ga	398	430	10	10	0	0	30s	100	1	8900
ga	395	445	10	10	0	0	30s	100	1	8900
ga	436	442	10	10	0	0	30s	100	1	8900
ga	411	447	10	10	0	0	30s	100	1	8900
ga	426	433	10	10	0	0	30s	100	1	8900
ga	402	414	10	10	0	0	30s	100	1	8900
ga	982	356	10	10	0	0	30s	100	1	8900
ga	993	354	10	10	0	0	30s	100	1	8900
ga	1009	352	10	10	0	0	30s	100	1	8900
ga	1037	351	10	10	0	0	30s	100	1	8900
ga	1056	349	10	10	0	0	30s	100	1	8900
ga	1073	347	10	10	0	0	30s	100	1	8900
ga	1078	335	10	10	0	0	30s	100	1	8900
ga	1060	332	10	10	0	0	30s	100	1	8900
ga	1042	335	10	10	0	0	30s	100	1	8900
ga	1034	337	10	10	0	0	30s	100	1	8900
ga	1026	352	10	10	0	0	30s	100	1	8900
ga	1029	366	10	10	0	0	30s	100	1	8900
ga	1029	375	10	10	0	0	30s	100	1	8900
ga	1031	382	10	10	0	0	30s	100	1	8900
ga	1059	374	10	10	0	0	30s	100	1	8900
ga	1071	371	10	10	0	0	30s	100	1	8900
ga	1076	373	10	10	0	0	30s	100	1	8900
ga	1077	379	10	10	0	0	30s	100	1	8900
ga	1057	381	10	10	0	0	30s	100	1	8900
ga	1043	381	10	10	0	0	30s	100	1	8900
ga	1042	356	10	10	0	0	30s	100	1	8900
ga	1057	354	10	10	0	0	30s	100	1	8900
ga	1066	357	10	10	0	0	30s	100	1	8900
ga	1063	365	10	10	0	0	30s	100	1	8900
ga	1042	366	10	10	0	0	30s	100	1	8900
ga	1052	368	10	10	0	0	30s	100	1	8900
ga	1078	370	10	10	0	0	30s	100	1	8900
ga	1085	351	10	10	0	0	30s	100	1	8900
ga	1075	342	10	10	0	0	30s	100	1	8900
ga	1037	329	10	10	0	0	30s	100	1	8900
ga	1030	330	10	10	0	0	30s	100	1	8900
ga	1019	369	10	10	0	0	30s	100	1	8900
ga	1011	266	10	10	0	0	30s	100	1	8900
ga	997	266	10	10	0	0	30s	100	1	8900
ga	987	266	10	10	0	0	30s	100	1	8900
ga	982	265	10	10	0	0	30s	100	1	8900
ga	975	262	10	10	0	0	30s	100	1	8900
ga	973	258	10	10	0	0	30s	100	1	8900
ga	971	237	10	10	0	0	30s	100	1	8900
ga	971	229	10	10	0	0	30s	100	1	8900
ga	968	216	10	10	0	0	30s	100	1	8900
ga	975	214	10	10	0	0	30s	100	1	8900
ga	990	215	10	10	0	0	30s	100	1	8900
ga	999	216	10	10	0	0	30s	100	1	8900
ga	1007	218	10	10	0	0	30s	100	1	8900
ga	1014	230	10	10	0	0	30s	100	1	8900
ga	1010	242	10	10	0	0	30s	100	1	8900
ga	1004	251	10	10	0	0	30s	100	1	8900
ga	998	251	10	10	0	0	30s	100	1	8900
ga	993	236	10	10	0	0	30s	100	1	8900
ga	988	232	10	10	0	0	30s	100	1	8900
ga	971	256	10	10	0	0	30s	100	1	8900
ga	962	263	10	10	0	0	30s	100	1	8900
ga	966	245	10	10	0	0	30s	100	1	8900
ga	985	242	10	10	0	0	30s	100	1	8900
ga	993	253	10	10	0	0	30s	100	1	8900
ga	1007	229	10	10	0	0	30s	100	1	8900
ga	1034	242	10	10	0	0	30s	100	1	8900
ga	1054	237	10	10	0	0	30s	100	1	8900
ga	1063	238	10	10	0	0	30s	100	1	8900
ga	1065	238	10	10	0	0	30s	100	1	8900
ga	1082	242	10	10	0	0	30s	100	1	8900
ga	1107	243	10	10	0	0	30s	100	1	8900
ga	1124	242	10	10	0	0	30s	100	1	8900
ga	1130	242	10	10	0	0	30s	100	1	8900
ga	1142	241	10	10	0	0	30s	100	1	8900
ga	1152	240	10	10	0	0	30s	100	1	8900
ga	1159	240	10	10	0	0	30s	100	1	8900
ga	1170	240	10	10	0	0	30s	100	1	8900
ga	1178	240	10	10	0	0	30s	100	1	8900
ga	1190	238	10	10	0	0	30s	100	1	8900
ga	1200	238	10	10	0	0	30s	100	1	8900
ga	1204	238	10	10	0	0	30s	100	1	8900
ga	1214	238	10	10	0	0	30s	100	1	8900
ga	1210	226	10	10	0	0	30s	100	1	8900
ga	1209	218	10	10	0	0	30s	100	1	8900
ga	1209	203	10	10	0	0	30s	100	1	8900
ga	1210	197	10	10	0	0	30s	100	1	8900
ga	1212	176	10	10	0	0	30s	100	1	8900
ga	1212	167	10	10	0	0	30s	100	1	8900
ga	1212	162	10	10	0	0	30s	100	1	8900
ga	1213	148	10	10	0	0	30s	100	1	8900
ga	1213	140	10	10	0	0	30s	100	1	8900
ga	1214	129	10	10	0	0	30s	100	1	8900
ga	1215	112	10	10	0	0	30s	100	1	8900
ga	1215	99	10	10	0	0	30s	100	1	8900
ga	1215	82	10	10	0	0	30s	100	1	8900
ga	1213	86	10	10	0	0	30s	100	1	8900
ga	1204	97	10	10	0	0	30s	100	1	8900
ga	1191	110	10	10	0	0	30s	100	1	8900
ga	1187	121	10	10	0	0	30s	100	1	8900
ga	1186	124	10	10	0	0	30s	100	1	8900
ga	1215	91	10	10	0	0	30s	100	1	8900
ga	1224	99	10	10	0	0	30s	100	1	8900
ga	1229	120	10	10	0	0	30s	100	1	8900
ga	1232	127	10	10	0	0	30s	100	1	8900
ga	1232	129	10	10	0	0	30s	100	1	8900
ga	1214	120	10	10	0	0	30s	100	1	8900
ga	1190	124	10	10	0	0	30s	100	1	8900
ga	1189	122	10	10	0	0	30s	100	1	8900
ga	1189	90	10	10	0	0	30s	100	1	8900
ga	1189	84	10	10	0	0	30s	100	1	8900
ga	1205	80	10	10	0	0	30s	100	1	8900
ga	1220	79	10	10	0	0	30s	100	1	8900
ga	1234	79	10	10	0	0	30s	100	1	8900
ga	1238	82	10	10	0	0	30s	100	1	8900
ga	1240	101	10	10	0	0	30s	100	1	8900
ga	1234	112	10	10	0	0	30s	100	1	8900
ga	1205	118	10	10	0	0	30s	100	1	8900
ga	1202	109	10	10	0	0	30s	100	1	8900
ga	1176	108	10	10	0	0	30s	100	1	8900
ga	1167	108	10	10	0	0	30s	100	1	8900
ga	1159	109	10	10	0	0	30s	100	1	8900
ga	1152	109	10	10	0	0	30s	100	1	8900
ga	1136	107	10	10	0	0	30s	100	1	8900
ga	1115	107	10	10	0	0	30s	100	1	8900
ga	1093	107	10	10	0	0	30s	100	1	8900
ga	1085	105	10	10	0	0	30s	100	1	8900
ga	1070	105	10	10	0	0	30s	100	1	8900
ga	1057	105	10	10	0	0	30s	100	1	8900
ga	1053	107	10	10	0	0	30s	100	1	8900
ga	1034	108	10	10	0	0	30s	100	1	8900
ga	1021	108	10	10	0	0	30s	100	1	8900
ga	1004	109	10	10	0	0	30s	100	1	8900
ga	996	109	10	10	0	0	30s	100	1	8900
ga	985	108	10	10	0	0	30s	100	1	8900
ga	968	107	10	10	0	0	30s	100	1	8900
ga	963	105	10	10	0	0	30s	100	1	8900
ga	955	105	10	10	0	0	30s	100	1	8900
ga	944	105	10	10	0	0	30s	100	1	8900
ga	910	105	10	10	0	0	30s	100	1	8900
ga	891	109	10	10	0	0	30s	100	1	8900
ga	866	109	10	10	0	0	30s	100	1	8900
ga	924	107	10	10	0	0	30s	100	1	8900
ga	927	108	10	10	0	0	30s	100	1	8900
ga	1336	213	10	10	0	0	30s	100	1	8900
ga	1325	219	10	10	0	0	30s	100	1	8900
ga	1320	220	10	10	0	0	30s	100	1	8900
ga	1310	220	10	10	0	0	30s	100	1	8900
ga	1298	213	10	10	0	0	30s	100	1	8900
ga	1293	210	10	10	0	0	30s	100	1	8900
ga	1292	222	10	10	0	0	30s	100	1	8900
ga	1292	227	10	10	0	0	30s	100	1	8900
ga	1293	238	10	10	0	0	30s	100	1	8900
ga	1293	251	10	10	0	0	30s	100	1	8900
ga	1297	257	10	10	0	0	30s	100	1	8900
ga	1312	258	10	10	0	0	30s	100	1	8900
ga	1327	256	10	10	0	0	30s	100	1	8900
ga	1329	241	10	10	0	0	30s	100	1	8900
ga	1325	232	10	10	0	0	30s	100	1	8900
ga	1303	235	10	10	0	0	30s	100	1	8900
ga	1320	237	10	10	0	0	30s	100	1	8900
ga	1336	225	10	10	0	0	30s	100	1	8900
ga	1335	238	10	10	0	0	30s	100	1	8900
ga	1336	256	10	10	0	0	30s	100	1	8900
ga	1323	260	10	10	0	0	30s	100	1	8900
ga	1315	260	10	10	0	0	30s	100	1	8900
ga	1315	276	10	10	0	0	30s	100	1	8900
ga	1314	281	10	10	0	0	30s	100	1	8900
ga	1310	296	10	10	0	0	30s	100	1	8900
ga	1311	309	10	10	0	0	30s	100	1	8900
ga	1312	321	10	10	0	0	30s	100	1	8900
ga	1312	335	10	10	0	0	30s	100	1	8900
ga	1314	344	10	10	0	0	30s	100	1	8900
ga	1314	355	10	10	0	0	30s	100	1	8900
ga	1313	370	10	10	0	0	30s	100	1	8900
ga	1313	379	10	10	0	0	30s	100	1	8900
ga	1312	385	10	10	0	0	30s	100	1	8900
ga	1312	404	10	10	0	0	30s	100	1	8900
ga	1312	414	10	10	0	0	30s	100	1	8900
ga	1315	427	10	10	0	0	30s	100	1	8900
ga	1316	443	10	10	0	0	30s	100	1	8900
ga	1316	455	10	10	0	0	30s	100	1	8900
ga	1319	473	10	10	0	0	30s	100	1	8900
ga	1320	495	10	10	0	0	30s	100	1	8900
ga	1320	505	10	10	0	0	30s	100	1	8900
ga	1320	518	10	10	0	0	30s	100	1	8900
ga	1320	521	10	10	0	0	30s	100	1	8900
ga	1310	518	10	10	0	0	30s	100	1	8900
ga	1311	500	10	10	0	0	30s	100	1	8900
ga	1311	477	10	10	0	0	30s	100	1	8900
ga	1312	459	10	10	0	0	30s	100	1	8900
ga	1312	433	10	10	0	0	30s	100	1	8900
ga	1334	510	10	10	0	0	30s	100	1	8900
ga	1345	512	10	10	0	0	30s	100	1	8900
ga	1353	511	10	10	0	0	30s	100	1	8900
ga	1364	519	10	10	0	0	30s	100	1	8900
ga	1377	522	10	10	0	0	30s	100	1	8900
ga	1402	519	10	10	0	0	30s	100	1	8900
ga	1431	521	10	10	0	0	30s	100	1	8900
ga	1435	521	10	10	0	0	30s	100	1	8900
ga	1453	521	10	10	0	0	30s	100	1	8900
ga	1470	520	10	10	0	0	30s	100	1	8900
ga	1492	521	10	10	0	0	30s	100	1	8900
ga	1491	518	10	10	0	0	30s	100	1	8900
ga	1512	530	10	10	0	0	30s	100	1	8900
ga	1504	503	10	10	0	0	30s	100	1	8900
ga	1491	496	10	10	0	0	30s	100	1	8900
ga	1479	496	10	10	0	0	30s	100	1	8900
ga	1462	508	10	10	0	0	30s	100	1	8900
ga	1447	532	10	10	0	0	30s	100	1	8900
ga	1446	543	10	10	0	0	30s	100	1	8900
ga	1470	550	10	10	0	0	30s	100	1	8900
ga	1491	550	10	10	0	0	30s	100	1	8900
ga	1497	549	10	10	0	0	30s	100	1	8900
ga	1466	539	10	10	0	0	30s	100	1	8900
ga	1457	522	10	10	0	0	30s	100	1	8900
ga	1453	505	10	10	0	0	30s	100	1	8900
ga	1455	491	10	10	0	0	30s	100	1	8900
ga	1474	491	10	10	0	0	30s	100	1	8900
ga	1503	491	10	10	0	0	30s	100	1	8900
ga	1507	501	10	10	0	0	30s	100	1	8900
ga	1482	521	10	10	0	0	30s	100	1	8900
ga	1484	537	10	10	0	0	30s	100	1	8900
ga	1476	447	10	10	0	0	30s	100	1	8900
ga	1472	470	10	10	0	0	30s	100	1	8900
ga	1472	459	10	10	0	0	30s	100	1	8900
ga	1476	426	10	10	0	0	30s	100	1	8900
ga	1476	405	10	10	0	0	30s	100	1	8900
ga	1472	382	10	10	0	0	30s	100	1	8900
ga	1470	364	10	10	0	0	30s	100	1	8900
ga	1471	355	10	10	0	0	30s	100	1	8900
ga	1476	342	10	10	0	0	30s	100	1	8900
ga	1478	330	10	10	0	0	30s	100	1	8900
ga	1476	309	10	10	0	0	30s	100	1	8900
ga	1475	300	10	10	0	0	30s	100	1	8900
ga	1475	299	10	10	0	0	30s	100	1	8900
ga	1472	276	10	10	0	0	30s	100	1	8900
ga	1471	262	10	10	0	0	30s	100	1	8900
ga	1470	253	10	10	0	0	30s	100	1	8900
ga	1470	237	10	10	0	0	30s	100	1	8900
ga	1463	230	10	10	0	0	30s	100	1	8900
ga	1447	232	10	10	0	0	30s	100	1	8900
ga	1439	232	10	10	0	0	30s	100	1	8900
ga	1416	232	10	10	0	0	30s	100	1	8900
ga	1401	236	10	10	0	0	30s	100	1	8900
ga	1359	238	10	10	0	0	30s	100	1	8900
ga	1357	238	10	10	0	0	30s	100	1	8900
ga	1380	239	10	10	0	0	30s	100	1	8900
ga	1374	233	10	10	0	0	30s	100	1	8900
ga	1503	111	10	10	0	0	30s	100	1	8900
ga	1499	97	10	10	0	0	30s	100	1	8900
ga	1493	82	10	10	0	0	30s	100	1	8900
ga	1486	80	10	10	0	0	30s	100	1	8900
ga	1471	80	10	10	0	0	30s	100	1	8900
ga	1457	83	10	10	0	0	30s	100	1	8900
ga	1446	92	10	10	0	0	30s	100	1	8900
ga	1446	107	10	10	0	0	30s	100	1	8900
ga	1447	120	10	10	0	0	30s	100	1	8900
ga	1453	132	10	10	0	0	30s	100	1	8900
ga	1463	134	10	10	0	0	30s	100	1	8900
ga	1480	134	10	10	0	0	30s	100	1	8900
ga	1492	133	10	10	0	0	30s	100	1	8900
ga	1501	130	10	10	0	0	30s	100	1	8900
ga	1503	112	10	10	0	0	30s	100	1	8900
ga	1489	103	10	10	0	0	30s	100	1	8900
ga	1470	125	10	10	0	0	30s	100	1	8900
ga	1466	114	10	10	0	0	30s	100	1	8900
ga	1466	99	10	10	0	0	30s	100	1	8900
ga	1488	113	10	10	0	0	30s	100	1	8900
ga	1489	117	10	10	0	0	30s	100	1	8900
ga	1474	103	10	10	0	0	30s	100	1	8900
ga	1507	83	10	10	0	0	30s	100	1	8900
ga	1493	82	10	10	0	0	30s	100	1	8900
ga	1476	82	10	10	0	0	30s	100	1	8900
ga	1468	80	10	10	0	0	30s	100	1	8900
ga	1430	103	10	10	0	0	30s	100	1	8900
ga	1412	105	10	10	0	0	30s	100	1	8900
ga	1409	105	10	10	0	0	30s	100	1	8900
ga	1401	107	10	10	0	0	30s	100	1	8900
ga	1388	108	10	10	0	0	30s	100	1	8900
ga	1371	108	10	10	0	0	30s	100	1	8900
ga	1358	107	10	10	0	0	30s	100	1	8900
ga	1351	107	10	10	0	0	30s	100	1	8900
ga	1313	107	10	10	0	0	30s	100	1	8900
ga	1299	107	10	10	0	0	30s	100	1	8900
ga	1287	107	10	10	0	0	30s	100	1	8900
ga	1257	107	10	10	0	0	30s	100	1	8900
ga	1251	107	10	10	0	0	30s	100	1	8900
ga	1272	107	10	10	0	0	30s	100	1	8900
ga	1322	108	10	10	0	0	30s	100	1	8900
ga	1339	109	10	10	0	0	30s	100	1	8900
ga	1110	353	10	10	0	0	30s	100	1	8900
ga	1113	357	10	10	0	0	30s	100	1	8900
ga	1101	360	10	10	0	0	30s	100	1	8900
ga	1151	355	10	10	0	0	30s	100	1	8900
ga	1170	357	10	10	0	0	30s	100	1	8900
ga	1192	356	10	10	0	0	30s	100	1	8900
ga	1203	356	10	10	0	0	30s	100	1	8900
ga	1215	359	10	10	0	0	30s	100	1	8900
ga	1219	375	10	10	0	0	30s	100	1	8900
ga	1218	389	10	10	0	0	30s	100	1	8900
ga	1215	406	10	10	0	0	30s	100	1	8900
ga	1215	421	10	10	0	0	30s	100	1	8900
ga	1215	443	10	10	0	0	30s	100	1	8900
ga	1215	470	10	10	0	0	30s	100	1	8900
ga	1217	494	10	10	0	0	30s	100	1	8900
ga	1218	516	10	10	0	0	30s	100	1	8900
ga	1218	540	10	10	0	0	30s	100	1	8900
ga	1218	560	10	10	0	0	30s	100	1	8900
ga	1215	599	10	10	0	0	30s	100	1	8900
ga	1209	564	10	10	0	0	30s	100	1	8900
ga	1208	548	10	10	0	0	30s	100	1	8900
ga	1208	530	10	10	0	0	30s	100	1	8900
ga	1210	513	10	10	0	0	30s	100	1	8900
ga	1211	492	10	10	0	0	30s	100	1	8900
ga	1211	472	10	10	0	0	30s	100	1	8900
ga	1211	445	10	10	0	0	30s	100	1	8900
ga	1211	419	10	10	0	0	30s	100	1	8900
ga	1211	401	10	10	0	0	30s	100	1	8900
ga	1211	381	10	10	0	0	30s	100	1	8900
ga	1211	364	10	10	0	0	30s	100	1	8900
ga	1188	366	10	10	0	0	30s	100	1	8900
ga	1159	364	10	10	0	0	30s	100	1	8900
ga	1170	352	10	10	0	0	30s	100	1	8900
ga	1214	622	10	10	0	0	30s	100	1	8900
ga	1209	637	10	10	0	0	30s	100	1	8900
ga	1194	638	10	10	0	0	30s	100	1	8900
ga	1188	642	10	10	0	0	30s	100	1	8900
ga	1184	653	10	10	0	0	30s	100	1	8900
ga	1184	672	10	10	0	0	30s	100	1	8900
ga	1186	690	10	10	0	0	30s	100	1	8900
ga	1191	696	10	10	0	0	30s	100	1	8900
ga	1206	699	10	10	0	0	30s	100	1	8900
ga	1220	699	10	10	0	0	30s	100	1	8900
ga	1230	698	10	10	0	0	30s	100	1	8900
ga	1237	696	10	10	0	0	30s	100	1	8900
ga	1243	684	10	10	0	0	30s	100	1	8900
ga	1240	669	10	10	0	0	30s	100	1	8900
ga	1237	654	10	10	0	0	30s	100	1	8900
ga	1237	641	10	10	0	0	30s	100	1	8900
ga	1227	643	10	10	0	0	30s	100	1	8900
ga	1210	648	10	10	0	0	30s	100	1	8900
ga	1212	659	10	10	0	0	30s	100	1	8900
ga	1219	673	10	10	0	0	30s	100	1	8900
ga	1231	680	10	10	0	0	30s	100	1	8900
ga	1227	685	10	10	0	0	30s	100	1	8900
ga	1210	683	10	10	0	0	30s	100	1	8900
ga	1201	678	10	10	0	0	30s	100	1	8900
ga	1196	659	10	10	0	0	30s	100	1	8900
ga	1196	652	10	10	0	0	30s	100	1	8900
ga	1232	665	10	10	0	0	30s	100	1	8900
ga	1222	662	10	10	0	0	30s	100	1	8900
ga	1186	660	10	10	0	0	30s	100	1	8900
ga	826	375	10	10	0	0	30s	100	1	8900
ga	826	380	10	10	0	0	30s	100	1	8900
ga	831	397	10	10	0	0	30s	100	1	8900
ga	831	397	10	10	0	0	30s	100	1	8900
ga	830	415	10	10	0	0	30s	100	1	8900
ga	830	422	10	10	0	0	30s	100	1	8900
ga	829	436	10	10	0	0	30s	100	1	8900
ga	827	450	10	10	0	0	30s	100	1	8900
ga	826	466	10	10	0	0	30s	100	1	8900
ga	827	478	10	10	0	0	30s	100	1	8900
ga	828	496	10	10	0	0	30s	100	1	8900
ga	829	508	10	10	0	0	30s	100	1	8900
ga	828	531	10	10	0	0	30s	100	1	8900
ga	827	545	10	10	0	0	30s	100	1	8900
ga	827	551	10	10	0	0	30s	100	1	8900
ga	820	552	10	10	0	0	30s	100	1	8900
ga	798	553	10	10	0	0	30s	100	1	8900
ga	793	553	10	10	0	0	30s	100	1	8900
ga	786	555	10	10	0	0	30s	100	1	8900
ga	774	556	10	10	0	0	30s	100	1	8900
ga	770	556	10	10	0	0	30s	100	1	8900
ga	808	553	10	10	0	0	30s	100	1	8900
ga	799	545	10	10	0	0	30s	100	1	8900
ga	791	545	10	10	0	0	30s	100	1	8900
ga	779	545	10	10	0	0	30s	100	1	8900
ga	774	551	10	10	0	0	30s	100	1	8900
ga	835	469	10	10	0	0	30s	100	1	8900
ga	845	454	10	10	0	0	30s	100	1	8900
ga	863	452	10	10	0	0	30s	100	1	8900
ga	875	455	10	10	0	0	30s	100	1	8900
ga	884	463	10	10	0	0	30s	100	1	8900
ga	888	474	10	10	0	0	30s	100	1	8900
ga	892	491	10	10	0	0	30s	100	1	8900
ga	893	511	10	10	0	0	30s	100	1	8900
ga	891	535	10	10	0	0	30s	100	1	8900
ga	890	548	10	10	0	0	30s	100	1	8900
ga	889	564	10	10	0	0	30s	100	1	8900
ga	890	577	10	10	0	0	30s	100	1	8900
ga	862	461	10	10	0	0	30s	100	1	8900
ga	842	461	10	10	0	0	30s	100	1	8900
ga	897	455	10	10	0	0	30s	100	1	8900
ga	880	475	10	10	0	0	30s	100	1	8900
ga	883	456	10	10	0	0	30s	100	1	8900
ga	1051	405	10	10	0	0	30s	100	1	8900
ga	1051	425	10	10	0	0	30s	100	1	8900
ga	1050	445	10	10	0	0	30s	100	1	8900
ga	1049	459	10	10	0	0	30s	100	1	8900
ga	1049	485	10	10	0	0	30s	100	1	8900
ga	1051	503	10	10	0	0	30s	100	1	8900
ga	1052	519	10	10	0	0	30s	100	1	8900
ga	1054	535	10	10	0	0	30s	100	1	8900
ga	1054	548	10	10	0	0	30s	100	1	8900
ga	1054	566	10	10	0	0	30s	100	1	8900
ga	1054	578	10	10	0	0	30s	100	1	8900
ga	1053	594	10	10	0	0	30s	100	1	8900
ga	1052	603	10	10	0	0	30s	100	1	8900
ga	1051	610	10	10	0	0	30s	100	1	8900
ga	1070	611	10	10	0	0	30s	100	1	8900
ga	1077	611	10	10	0	0	30s	100	1	8900
ga	1083	611	10	10	0	0	30s	100	1	8900
ga	1095	612	10	10	0	0	30s	100	1	8900
ga	1107	612	10	10	0	0	30s	100	1	8900
ga	1114	612	10	10	0	0	30s	100	1	8900
ga	1112	628	10	10	0	0	30s	100	1	8900
ga	1110	656	10	10	0	0	30s	100	1	8900
ga	1112	661	10	10	0	0	30s	100	1	8900
ga	1114	673	10	10	0	0	30s	100	1	8900
ga	1114	689	10	10	0	0	30s	100	1	8900
ga	1115	707	10	10	0	0	30s	100	1	8900
ga	1115	719	10	10	0	0	30s	100	1	8900
ga	1111	729	10	10	0	0	30s	100	1	8900
ga	1108	739	10	10	0	0	30s	100	1	8900
ga	1051	486	10	10	0	0	30s	100	1	8900
ga	1052	475	10	10	0	0	30s	100	1	8900
ga	1047	543	10	10	0	0	30s	100	1	8900
ga	1045	527	10	10	0	0	30s	100	1	8900
ga	1205	661	10	10	0	0	30s	100	1	8900
ga	1209	670	10	10	0	0	30s	100	1	8900
ga	1104	765	10	10	0	0	30s	100	1	8900
ga	1102	783	10	10	0	0	30s	100	1	8900
ga	1100	809	10	10	0	0	30s	100	1	8900
ga	1100	820	10	10	0	0	30s	100	1	8900
ga	1107	833	10	10	0	0	30s	100	1	8900
ga	1111	846	10	10	0	0	30s	100	1	8900
ga	1264	668	10	10	0	0	30s	100	1	8900
ga	1283	667	10	10	0	0	30s	100	1	8900
ga	1300	667	10	10	0	0	30s	100	1	8900
ga	1315	668	10	10	0	0	30s	100	1	8900
ga	1329	668	10	10	0	0	30s	100	1	8900
ga	1336	677	10	10	0	0	30s	100	1	8900
ga	1335	706	10	10	0	0	30s	100	1	8900
ga	1338	727	10	10	0	0	30s	100	1	8900
ga	1344	742	10	10	0	0	30s	100	1	8900
ga	1347	764	10	10	0	0	30s	100	1	8900
ga	1348	777	10	10	0	0	30s	100	1	8900
ga	1348	792	10	10	0	0	30s	100	1	8900
ga	1345	800	10	10	0	0	30s	100	1	8900
ga	1344	817	10	10	0	0	30s	100	1	8900
ga	1349	712	10	10	0	0	30s	100	1	8900
ga	1346	687	10	10	0	0	30s	100	1	8900
ga	1346	664	10	10	0	0	30s	100	1	8900
ga	1333	830	10	10	0	0	30s	100	1	8900
ga	1324	830	10	10	0	0	30s	100	1	8900
ga	1321	841	10	10	0	0	30s	100	1	8900
ga	1320	874	10	10	0	0	30s	100	1	8900
ga	1323	885	10	10	0	0	30s	100	1	8900
ga	1329	885	10	10	0	0	30s	100	1	8900
ga	1348	883	10	10	0	0	30s	100	1	8900
ga	1356	880	10	10	0	0	30s	100	1	8900
ga	1364	873	10	10	0	0	30s	100	1	8900
ga	1358	856	10	10	0	0	30s	100	1	8900
ga	1358	845	10	10	0	0	30s	100	1	8900
ga	1359	836	10	10	0	0	30s	100	1	8900
ga	1342	848	10	10	0	0	30s	100	1	8900
ga	1339	862	10	10	0	0	30s	100	1	8900
ga	1345	867	10	10	0	0	30s	100	1	8900
ga	1356	867	10	10	0	0	30s	100	1	8900
ga	1347	844	10	10	0	0	30s	100	1	8900
ga	1330	855	10	10	0	0	30s	100	1	8900
ga	1333	873	10	10	0	0	30s	100	1	8900
ga	179	671	10	10	0	0	30s	100	1	8900
ga	204	671	10	10	0	0	30s	100	1	8900
ga	230	673	10	10	0	0	30s	100	1	8900
ga	234	673	10	10	0	0	30s	100	1	8900
ga	252	671	10	10	0	0	30s	100	1	8900
ga	268	671	10	10	0	0	30s	100	1	8900
ga	291	671	10	10	0	0	30s	100	1	8900
ga	314	671	10	10	0	0	30s	100	1	8900
ga	332	673	10	10	0	0	30s	100	1	8900
ga	350	673	10	10	0	0	30s	100	1	8900
ga	373	673	10	10	0	0	30s	100	1	8900
ga	386	673	10	10	0	0	30s	100	1	8900
ga	404	673	10	10	0	0	30s	100	1	8900
ga	411	659	10	10	0	0	30s	100	1	8900
ga	418	634	10	10	0	0	30s	100	1	8900
ga	420	616	10	10	0	0	30s	100	1	8900
ga	421	596	10	10	0	0	30s	100	1	8900
ga	421	584	10	10	0	0	30s	100	1	8900
ga	421	566	10	10	0	0	30s	100	1	8900
ga	420	555	10	10	0	0	30s	100	1	8900
ga	420	534	10	10	0	0	30s	100	1	8900
ga	418	514	10	10	0	0	30s	100	1	8900
ga	414	495	10	10	0	0	30s	100	1	8900
ga	414	477	10	10	0	0	30s	100	1	8900
ga	414	463	10	10	0	0	30s	100	1	8900
ga	422	659	10	10	0	0	30s	100	1	8900
ga	422	670	10	10	0	0	30s	100	1	8900
ga	319	660	10	10	0	0	30s	100	1	8900
ga	304	662	10	10	0	0	30s	100	1	8900
ga	281	666	10	10	0	0	30s	100	1	8900
ga	262	664	10	10	0	0	30s	100	1	8900
ga	246	664	10	10	0	0	30s	100	1	8900
ga	240	664	10	10	0	0	30s	100	1	8900
ga	202	663	10	10	0	0	30s	100	1	8900
ga	185	658	10	10	0	0	30s	100	1	8900
ga	223	653	10	10	0	0	30s	100	1	8900
ga	174	731	10	10	0	0	30s	100	1	8900
ga	186	732	10	10	0	0	30s	100	1	8900
ga	211	732	10	10	0	0	30s	100	1	8900
ga	221	731	10	10	0	0	30s	100	1	8900
ga	237	730	10	10	0	0	30s	100	1	8900
ga	249	729	10	10	0	0	30s	100	1	8900
ga	266	730	10	10	0	0	30s	100	1	8900
ga	280	730	10	10	0	0	30s	100	1	8900
ga	288	729	10	10	0	0	30s	100	1	8900
ga	325	724	10	10	0	0	30s	100	1	8900
ga	330	724	10	10	0	0	30s	100	1	8900
ga	354	724	10	10	0	0	30s	100	1	8900
ga	353	725	10	10	0	0	30s	100	1	8900
ga	305	733	10	10	0	0	30s	100	1	8900
ga	304	733	10	10	0	0	30s	100	1	8900
ga	324	736	10	10	0	0	30s	100	1	8900
ga	341	734	10	10	0	0	30s	100	1	8900
ga	345	734	10	10	0	0	30s	100	1	8900
ga	398	729	10	10	0	0	30s	100	1	8900
ga	401	726	10	10	0	0	30s	100	1	8900
ga	411	725	10	10	0	0	30s	100	1	8900
ga	434	723	10	10	0	0	30s	100	1	8900
ga	442	723	10	10	0	0	30s	100	1	8900
ga	449	725	10	10	0	0	30s	100	1	8900
ga	455	726	10	10	0	0	30s	100	1	8900
ga	463	751	10	10	0	0	30s	100	1	8900
ga	459	763	10	10	0	0	30s	100	1	8900
ga	462	777	10	10	0	0	30s	100	1	8900
ga	461	802	10	10	0	0	30s	100	1	8900
ga	462	821	10	10	0	0	30s	100	1	8900
ga	464	838	10	10	0	0	30s	100	1	8900
ga	466	854	10	10	0	0	30s	100	1	8900
ga	466	864	10	10	0	0	30s	100	1	8900
ga	466	884	10	10	0	0	30s	100	1	8900
ga	464	895	10	10	0	0	30s	100	1	8900
ga	464	910	10	10	0	0	30s	100	1	8900
ga	464	930	10	10	0	0	30s	100	1	8900
ga	462	944	10	10	0	0	30s	100	1	8900
ga	462	961	10	10	0	0	30s	100	1	8900
ga	462	979	10	10	0	0	30s	100	1	8900
ga	464	989	10	10	0	0	30s	100	1	8900
ga	464	1005	10	10	0	0	30s	100	1	8900
ga	469	1023	10	10	0	0	30s	100	1	8900
ga	474	1041	10	10	0	0	30s	100	1	8900
ga	477	1051	10	10	0	0	30s	100	1	8900
ga	490	1033	10	10	0	0	30s	100	1	8900
ga	493	1013	10	10	0	0	30s	100	1	8900
ga	492	1010	10	10	0	0	30s	100	1	8900
ga	484	1010	10	10	0	0	30s	100	1	8900
ga	448	1025	10	10	0	0	30s	100	1	8900
ga	446	1046	10	10	0	0	30s	100	1	8900
ga	446	1049	10	10	0	0	30s	100	1	8900
ga	439	1013	10	10	0	0	30s	100	1	8900
ga	439	1002	10	10	0	0	30s	100	1	8900
ga	448	998	10	10	0	0	30s	100	1	8900
ga	470	1021	10	10	0	0	30s	100	1	8900
ga	459	1046	10	10	0	0	30s	100	1	8900
ga	487	1002	10	10	0	0	30s	100	1	8900
ga	454	1011	10	10	0	0	30s	100	1	8900
ga	436	1034	10	10	0	0	30s	100	1	8900
ga	428	1023	10	10	0	0	30s	100	1	8900
ga	174	846	10	10	0	0	30s	100	1	8900
ga	172	847	10	10	0	0	30s	100	1	8900
ga	170	870	10	10	0	0	30s	100	1	8900
ga	170	877	10	10	0	0	30s	100	1	8900
ga	170	888	10	10	0	0	30s	100	1	8900
ga	172	896	10	10	0	0	30s	100	1	8900
ga	181	900	10	10	0	0	30s	100	1	8900
ga	191	902	10	10	0	0	30s	100	1	8900
ga	199	902	10	10	0	0	30s	100	1	8900
ga	209	900	10	10	0	0	30s	100	1	8900
ga	212	889	10	10	0	0	30s	100	1	8900
ga	214	877	10	10	0	0	30s	100	1	8900
ga	212	863	10	10	0	0	30s	100	1	8900
ga	209	853	10	10	0	0	30s	100	1	8900
ga	205	851	10	10	0	0	30s	100	1	8900
ga	190	847	10	10	0	0	30s	100	1	8900
ga	184	847	10	10	0	0	30s	100	1	8900
ga	190	867	10	10	0	0	30s	100	1	8900
ga	194	877	10	10	0	0	30s	100	1	8900
ga	194	886	10	10	0	0	30s	100	1	8900
ga	178	885	10	10	0	0	30s	100	1	8900
ga	178	884	10	10	0	0	30s	100	1	8900
ga	191	875	10	10	0	0	30s	100	1	8900
ga	220	895	10	10	0	0	30s	100	1	8900
ga	221	891	10	10	0	0	30s	100	1	8900
ga	222	865	10	10	0	0	30s	100	1	8900
ga	221	857	10	10	0	0	30s	100	1	8900
ga	217	852	10	10	0	0	30s	100	1	8900
ga	204	849	10	10	0	0	30s	100	1	8900
ga	462	733	10	10	0	0	30s	100	1	8900
ga	605	310	10	10	0	0	30s	100	1	8900
ga	639	308	10	10	0	0	30s	100	1	8900
ga	656	308	10	10	0	0	30s	100	1	8900
ga	679	308	10	10	0	0	30s	100	1	8900
ga	693	309	10	10	0	0	30s	100	1	8900
ga	703	313	10	10	0	0	30s	100	1	8900
ga	715	346	10	10	0	0	30s	100	1	8900
ga	710	334	10	10	0	0	30s	100	1	8900
ga	715	310	10	10	0	0	30s	100	1	8900
ga	695	308	10	10	0	0	30s	100	1	8900
ga	666	309	10	10	0	0	30s	100	1	8900
ga	629	313	10	10	0	0	30s	100	1	8900
ga	596	314	10	10	0	0	30s	100	1	8900
ga	548	353	10	10	0	0	30s	100	1	8900
ga	546	361	10	10	0	0	30s	100	1	8900
ga	546	381	10	10	0	0	30s	100	1	8900
ga	548	404	10	10	0	0	30s	100	1	8900
ga	548	424	10	10	0	0	30s	100	1	8900
ga	548	439	10	10	0	0	30s	100	1	8900
ga	545	460	10	10	0	0	30s	100	1	8900
ga	545	485	10	10	0	0	30s	100	1	8900
ga	548	509	10	10	0	0	30s	100	1	8900
ga	550	525	10	10	0	0	30s	100	1	8900
ga	551	533	10	10	0	0	30s	100	1	8900
ga	561	538	10	10	0	0	30s	100	1	8900
ga	568	525	10	10	0	0	30s	100	1	8900
ga	576	524	10	10	0	0	30s	100	1	8900
ga	595	536	10	10	0	0	30s	100	1	8900
ga	613	540	10	10	0	0	30s	100	1	8900
ga	625	531	10	10	0	0	30s	100	1	8900
ga	635	519	10	10	0	0	30s	100	1	8900
ga	639	504	10	10	0	0	30s	100	1	8900
ga	639	483	10	10	0	0	30s	100	1	8900
ga	638	470	10	10	0	0	30s	100	1	8900
ga	636	454	10	10	0	0	30s	100	1	8900
ga	636	445	10	10	0	0	30s	100	1	8900
ga	636	438	10	10	0	0	30s	100	1	8900
ga	639	414	10	10	0	0	30s	100	1	8900
ga	633	415	10	10	0	0	30s	100	1	8900
ga	639	434	10	10	0	0	30s	100	1	8900
ga	640	454	10	10	0	0	30s	100	1	8900
ga	648	524	10	10	0	0	30s	100	1	8900
ga	645	541	10	10	0	0	30s	100	1	8900
ga	600	526	10	10	0	0	30s	100	1	8900
ga	590	539	10	10	0	0	30s	100	1	8900
ga	554	484	10	10	0	0	30s	100	1	8900
ga	553	470	10	10	0	0	30s	100	1	8900
ga	553	443	10	10	0	0	30s	100	1	8900
ga	638	740	10	10	0	0	30s	100	1	8900
ga	633	723	10	10	0	0	30s	100	1	8900
ga	633	703	10	10	0	0	30s	100	1	8900
ga	633	693	10	10	0	0	30s	100	1	8900
ga	635	677	10	10	0	0	30s	100	1	8900
ga	635	660	10	10	0	0	30s	100	1	8900
ga	633	642	10	10	0	0	30s	100	1	8900
ga	633	630	10	10	0	0	30s	100	1	8900
ga	632	622	10	10	0	0	30s	100	1	8900
ga	628	620	10	10	0	0	30s	100	1	8900
ga	605	627	10	10	0	0	30s	100	1	8900
ga	588	622	10	10	0	0	30s	100	1	8900
ga	582	620	10	10	0	0	30s	100	1	8900
ga	572	618	10	10	0	0	30s	100	1	8900
ga	560	618	10	10	0	0	30s	100	1	8900
ga	550	618	10	10	0	0	30s	100	1	8900
ga	547	628	10	10	0	0	30s	100	1	8900
ga	545	650	10	10	0	0	30s	100	1	8900
ga	545	663	10	10	0	0	30s	100	1	8900
ga	548	675	10	10	0	0	30s	100	1	8900
ga	548	705	10	10	0	0	30s	100	1	8900
ga	547	738	10	10	0	0	30s	100	1	8900
ga	547	758	10	10	0	0	30s	100	1	8900
ga	547	780	10	10	0	0	30s	100	1	8900
ga	547	798	10	10	0	0	30s	100	1	8900
ga	547	815	10	10	0	0	30s	100	1	8900
ga	548	837	10	10	0	0	30s	100	1	8900
ga	548	847	10	10	0	0	30s	100	1	8900
ga	548	852	10	10	0	0	30s	100	1	8900
ga	557	855	10	10	0	0	30s	100	1	8900
ga	608	865	10	10	0	0	30s	100	1	8900
ga	597	857	10	10	0	0	30s	100	1	8900
ga	585	855	10	10	0	0	30s	100	1	8900
ga	575	855	10	10	0	0	30s	100	1	8900
ga	647	858	10	10	0	0	30s	100	1	8900
ga	645	858	10	10	0	0	30s	100	1	8900
ga	727	845	10	10	0	0	30s	100	1	8900
ga	718	835	10	10	0	0	30s	100	1	8900
ga	695	835	10	10	0	0	30s	100	1	8900
ga	690	840	10	10	0	0	30s	100	1	8900
ga	685	855	10	10	0	0	30s	100	1	8900
ga	687	873	10	10	0	0	30s	100	1	8900
ga	695	882	10	10	0	0	30s	100	1	8900
ga	707	887	10	10	0	0	30s	100	1	8900
ga	722	878	10	10	0	0	30s	100	1	8900
ga	725	877	10	10	0	0	30s	100	1	8900
ga	727	853	10	10	0	0	30s	100	1	8900
ga	703	858	10	10	0	0	30s	100	1	8900
ga	712	867	10	10	0	0	30s	100	1	8900
ga	713	870	10	10	0	0	30s	100	1	8900
ga	725	852	10	10	0	0	30s	100	1	8900
ga	718	835	10	10	0	0	30s	100	1	8900
ga	697	850	10	10	0	0	30s	100	1	8900
ga	680	872	10	10	0	0	30s	100	1	8900
ga	678	852	10	10	0	0	30s	100	1	8900
ga	683	835	10	10	0	0	30s	100	1	8900
ga	707	833	10	10	0	0	30s	100	1	8900
ga	728	843	10	10	0	0	30s	100	1	8900
ga	862	698	10	10	0	0	30s	100	1	8900
ga	862	678	10	10	0	0	30s	100	1	8900
ga	862	670	10	10	0	0	30s	100	1	8900
ga	862	660	10	10	0	0	30s	100	1	8900
ga	862	657	10	10	0	0	30s	100	1	8900
ga	888	657	10	10	0	0	30s	100	1	8900
ga	907	657	10	10	0	0	30s	100	1	8900
ga	907	652	10	10	0	0	30s	100	1	8900
ga	911	672	10	10	0	0	30s	100	1	8900
ga	911	679	10	10	0	0	30s	100	1	8900
ga	911	695	10	10	0	0	30s	100	1	8900
ga	896	717	10	10	0	0	30s	100	1	8900
ga	880	704	10	10	0	0	30s	100	1	8900
ga	889	699	10	10	0	0	30s	100	1	8900
ga	899	695	10	10	0	0	30s	100	1	8900
ga	880	680	10	10	0	0	30s	100	1	8900
ga	879	715	10	10	0	0	30s	100	1	8900
ga	887	680	10	10	0	0	30s	100	1	8900
ga	903	675	10	10	0	0	30s	100	1	8900
ga	873	659	10	10	0	0	30s	100	1	8900
ga	879	648	10	10	0	0	30s	100	1	8900
ga	905	647	10	10	0	0	30s	100	1	8900
ga	920	660	10	10	0	0	30s	100	1	8900
ga	879	671	10	10	0	0	30s	100	1	8900
ga	887	628	10	10	0	0	30s	100	1	8900
ga	885	609	10	10	0	0	30s	100	1	8900
ga	709	363	10	10	0	0	30s	100	1	8900
ga	709	392	10	10	0	0	30s	100	1	8900
ga	709	424	10	10	0	0	30s	100	1	8900
ga	707	443	10	10	0	0	30s	100	1	8900
ga	707	473	10	10	0	0	30s	100	1	8900
ga	709	500	10	10	0	0	30s	100	1	8900
ga	711	528	10	10	0	0	30s	100	1	8900
ga	713	548	10	10	0	0	30s	100	1	8900
ga	715	577	10	10	0	0	30s	100	1	8900
ga	712	601	10	10	0	0	30s	100	1	8900
ga	709	627	10	10	0	0	30s	100	1	8900
ga	709	657	10	10	0	0	30s	100	1	8900
ga	705	684	10	10	0	0	30s	100	1	8900
ga	704	631	10	10	0	0	30s	100	1	8900
ga	704	609	10	10	0	0	30s	100	1	8900
ga	703	581	10	10	0	0	30s	100	1	8900
ga	703	557	10	10	0	0	30s	100	1	8900
ga	703	556	10	10	0	0	30s	100	1	8900
ga	703	535	10	10	0	0	30s	100	1	8900
ga	700	503	10	10	0	0	30s	100	1	8900
ga	703	461	10	10	0	0	30s	100	1	8900
ga	707	439	10	10	0	0	30s	100	1	8900
ga	709	400	10	10	0	0	30s	100	1	8900
ga	713	369	10	10	0	0	30s	100	1	8900
ga	712	701	10	10	0	0	30s	100	1	8900
ga	705	733	10	10	0	0	30s	100	1	8900
ga	703	764	10	10	0	0	30s	100	1	8900
ga	701	784	10	10	0	0	30s	100	1	8900
ga	705	822	10	10	0	0	30s	100	1	8900
ga	721	741	10	10	0	0	30s	100	1	8900
ga	713	721	10	10	0	0	30s	100	1	8900
ga	735	865	10	10	0	0	30s	100	1	8900
ga	1454	1317	10	10	0	0	30s	100	1	8900
ga	1472	1325	10	10	0	0	30s	100	1	8900
ga	1478	1325	10	10	0	0	30s	100	1	8900
ga	1488	1323	10	10	0	0	30s	100	1	8900
ga	1497	1322	10	10	0	0	30s	100	1	8900
ga	1502	1331	10	10	0	0	30s	100	1	8900
ga	1502	1345	10	10	0	0	30s	100	1	8900
ga	1502	1363	10	10	0	0	30s	100	1	8900
ga	1502	1369	10	10	0	0	30s	100	1	8900
ga	1483	1372	10	10	0	0	30s	100	1	8900
ga	1472	1374	10	10	0	0	30s	100	1	8900
ga	1460	1369	10	10	0	0	30s	100	1	8900
ga	1457	1366	10	10	0	0	30s	100	1	8900
ga	1451	1343	10	10	0	0	30s	100	1	8900
ga	1451	1332	10	10	0	0	30s	100	1	8900
ga	1474	1346	10	10	0	0	30s	100	1	8900
ga	1480	1349	10	10	0	0	30s	100	1	8900
ga	1494	1358	10	10	0	0	30s	100	1	8900
ga	1488	1362	10	10	0	0	30s	100	1	8900
ga	1465	1360	10	10	0	0	30s	100	1	8900
ga	1477	1345	10	10	0	0	30s	100	1	8900
ga	1492	1340	10	10	0	0	30s	100	1	8900
ga	1471	1338	10	10	0	0	30s	100	1	8900
ga	1460	1337	10	10	0	0	30s	100	1	8900
ga	1455	1358	10	10	0	0	30s	100	1	8900
ga	1475	1302	10	10	0	0	30s	100	1	8900
ga	1475	1291	10	10	0	0	30s	100	1	8900
ga	1475	1252	10	10	0	0	30s	100	1	8900
ga	1477	1243	10	10	0	0	30s	100	1	8900
ga	1477	1235	10	10	0	0	30s	100	1	8900
ga	1477	1225	10	10	0	0	30s	100	1	8900
ga	1477	1217	10	10	0	0	30s	100	1	8900
ga	1475	1205	10	10	0	0	30s	100	1	8900
ga	1474	1189	10	10	0	0	30s	100	1	8900
ga	1474	1188	10	10	0	0	30s	100	1	8900
ga	1474	1171	10	10	0	0	30s	100	1	8900
ga	1474	1160	10	10	0	0	30s	100	1	8900
ga	1474	1149	10	10	0	0	30s	100	1	8900
ga	1475	1132	10	10	0	0	30s	100	1	8900
ga	1475	1115	10	10	0	0	30s	100	1	8900
ga	1477	1105	10	10	0	0	30s	100	1	8900
ga	1477	1097	10	10	0	0	30s	100	1	8900
ga	1477	1075	10	10	0	0	30s	100	1	8900
ga	1477	1074	10	10	0	0	30s	100	1	8900
ga	1477	1066	10	10	0	0	30s	100	1	8900
ga	1477	1055	10	10	0	0	30s	100	1	8900
ga	1474	1020	10	10	0	0	30s	100	1	8900
ga	1474	997	10	10	0	0	30s	100	1	8900
ga	1474	983	10	10	0	0	30s	100	1	8900
ga	1474	980	10	10	0	0	30s	100	1	8900
ga	1474	972	10	10	0	0	30s	100	1	8900
ga	1474	965	10	10	0	0	30s	100	1	8900
ga	1471	945	10	10	0	0	30s	100	1	8900
ga	1471	940	10	10	0	0	30s	100	1	8900
ga	1471	938	10	10	0	0	30s	100	1	8900
ga	1492	938	10	10	0	0	30s	100	1	8900
ga	1500	949	10	10	0	0	30s	100	1	8900
ga	1500	960	10	10	0	0	30s	100	1	8900
ga	1500	977	10	10	0	0	30s	100	1	8900
ga	1475	986	10	10	0	0	30s	100	1	8900
ga	1458	983	10	10	0	0	30s	100	1	8900
ga	1449	978	10	10	0	0	30s	100	1	8900
ga	1446	969	10	10	0	0	30s	100	1	8900
ga	1445	958	10	10	0	0	30s	100	1	8900
ga	1445	951	10	10	0	0	30s	100	1	8900
ga	1452	942	10	10	0	0	30s	100	1	8900
ga	1462	937	10	10	0	0	30s	100	1	8900
ga	1478	937	10	10	0	0	30s	100	1	8900
ga	1475	949	10	10	0	0	30s	100	1	8900
ga	1457	962	10	10	0	0	30s	100	1	8900
ga	1498	966	10	10	0	0	30s	100	1	8900
ga	1492	965	10	10	0	0	30s	100	1	8900
ga	1482	957	10	10	0	0	30s	100	1	8900
ga	1483	951	10	10	0	0	30s	100	1	8900
ga	1489	978	10	10	0	0	30s	100	1	8900
ga	1471	980	10	10	0	0	30s	100	1	8900
ga	1235	978	10	10	0	0	30s	100	1	8900
ga	1235	954	10	10	0	0	30s	100	1	8900
ga	1235	949	10	10	0	0	30s	100	1	8900
ga	1235	945	10	10	0	0	30s	100	1	8900
ga	1235	940	10	10	0	0	30s	100	1	8900
ga	1209	937	10	10	0	0	30s	100	1	8900
ga	1200	937	10	10	0	0	30s	100	1	8900
ga	1189	938	10	10	0	0	30s	100	1	8900
ga	1183	942	10	10	0	0	30s	100	1	8900
ga	1185	960	10	10	0	0	30s	100	1	8900
ga	1189	969	10	10	0	0	30s	100	1	8900
ga	1195	975	10	10	0	0	30s	100	1	8900
ga	1209	982	10	10	0	0	30s	100	1	8900
ga	1218	983	10	10	0	0	30s	100	1	8900
ga	1215	955	10	10	0	0	30s	100	1	8900
ga	1203	983	10	10	0	0	30s	100	1	8900
ga	1188	983	10	10	0	0	30s	100	1	8900
ga	1205	966	10	10	0	0	30s	100	1	8900
ga	1205	963	10	10	0	0	30s	100	1	8900
ga	1228	982	10	10	0	0	30s	100	1	8900
ga	1231	957	10	10	0	0	30s	100	1	8900
ga	1218	946	10	10	0	0	30s	100	1	8900
ga	1229	935	10	10	0	0	30s	100	1	8900
ga	1103	843	10	10	0	0	30s	100	1	8900
ga	1115	857	10	10	0	0	30s	100	1	8900
ga	1132	838	10	10	0	0	30s	100	1	8900
ga	1123	829	10	10	0	0	30s	100	1	8900
ga	1122	811	10	10	0	0	30s	100	1	8900
ga	1120	834	10	10	0	0	30s	100	1	8900
ga	1092	858	10	10	0	0	30s	100	1	8900
ga	1088	845	10	10	0	0	30s	100	1	8900
ga	1086	825	10	10	0	0	30s	100	1	8900
ga	1088	815	10	10	0	0	30s	100	1	8900
ga	1114	815	10	10	0	0	30s	100	1	8900
ga	1106	889	10	10	0	0	30s	100	1	8900
ga	1103	934	10	10	0	0	30s	100	1	8900
ga	1105	934	10	10	0	0	30s	100	1	8900
ga	1112	946	10	10	0	0	30s	100	1	8900
ga	1111	963	10	10	0	0	30s	100	1	8900
ga	1112	972	10	10	0	0	30s	100	1	8900
ga	1112	1002	10	10	0	0	30s	100	1	8900
ga	1111	1028	10	10	0	0	30s	100	1	8900
ga	1111	1043	10	10	0	0	30s	100	1	8900
ga	1111	1055	10	10	0	0	30s	100	1	8900
ga	1111	1071	10	10	0	0	30s	100	1	8900
ga	1111	1092	10	10	0	0	30s	100	1	8900
ga	1112	1109	10	10	0	0	30s	100	1	8900
ga	1112	1122	10	10	0	0	30s	100	1	8900
ga	1112	1145	10	10	0	0	30s	100	1	8900
ga	1112	1171	10	10	0	0	30s	100	1	8900
ga	1112	1178	10	10	0	0	30s	100	1	8900
ga	1111	1226	10	10	0	0	30s	100	1	8900
ga	1111	1232	10	10	0	0	30s	100	1	8900
ga	1105	1258	10	10	0	0	30s	100	1	8900
ga	1109	1275	10	10	0	0	30s	100	1	8900
ga	1109	1285	10	10	0	0	30s	100	1	8900
ga	1109	1294	10	10	0	0	30s	100	1	8900
ga	1112	1308	10	10	0	0	30s	100	1	8900
ga	1112	1326	10	10	0	0	30s	100	1	8900
ga	1092	1326	10	10	0	0	30s	100	1	8900
ga	1072	1325	10	10	0	0	30s	100	1	8900
ga	1068	1325	10	10	0	0	30s	100	1	8900
ga	1055	1328	10	10	0	0	30s	100	1	8900
ga	1034	1332	10	10	0	0	30s	100	1	8900
ga	1018	1335	10	10	0	0	30s	100	1	8900
ga	1008	1335	10	10	0	0	30s	100	1	8900
ga	1000	1334	10	10	0	0	30s	100	1	8900
ga	991	1334	10	10	0	0	30s	100	1	8900
ga	952	1335	10	10	0	0	30s	100	1	8900
ga	948	1335	10	10	0	0	30s	100	1	8900
ga	922	1335	10	10	0	0	30s	100	1	8900
ga	892	1335	10	10	0	0	30s	100	1	8900
ga	875	1335	10	10	0	0	30s	100	1	8900
ga	874	1335	10	10	0	0	30s	100	1	8900
ga	903	1334	10	10	0	0	30s	100	1	8900
ga	922	1315	10	10	0	0	30s	100	1	8900
ga	915	1312	10	10	0	0	30s	100	1	8900
ga	889	1311	10	10	0	0	30s	100	1	8900
ga	891	1325	10	10	0	0	30s	100	1	8900
ga	891	1348	10	10	0	0	30s	100	1	8900
ga	878	1360	10	10	0	0	30s	100	1	8900
ga	865	1354	10	10	0	0	30s	100	1	8900
ga	855	1334	10	10	0	0	30s	100	1	8900
ga	857	1325	10	10	0	0	30s	100	1	8900
ga	860	1311	10	10	0	0	30s	100	1	8900
ga	882	1308	10	10	0	0	30s	100	1	8900
ga	895	1315	10	10	0	0	30s	100	1	8900
ga	897	1337	10	10	0	0	30s	100	1	8900
ga	903	1358	10	10	0	0	30s	100	1	8900
ga	911	1357	10	10	0	0	30s	100	1	8900
ga	917	1343	10	10	0	0	30s	100	1	8900
ga	914	1309	10	10	0	0	30s	100	1	8900
ga	878	1332	10	10	0	0	30s	100	1	8900
ga	1042	1218	10	10	0	0	30s	100	1	8900
ga	1037	1198	10	10	0	0	30s	100	1	8900
ga	1034	1180	10	10	0	0	30s	100	1	8900
ga	1015	1189	10	10	0	0	30s	100	1	8900
ga	1012	1191	10	10	0	0	30s	100	1	8900
ga	1006	1194	10	10	0	0	30s	100	1	8900
ga	1015	1212	10	10	0	0	30s	100	1	8900
ga	1029	1218	10	10	0	0	30s	100	1	8900
ga	1008	1218	10	10	0	0	30s	100	1	8900
ga	1008	1200	10	10	0	0	30s	100	1	8900
ga	1017	1183	10	10	0	0	30s	100	1	8900
ga	1035	1192	10	10	0	0	30s	100	1	8900
ga	1029	1211	10	10	0	0	30s	100	1	8900
ga	1023	1198	10	10	0	0	30s	100	1	8900
ga	1002	1192	10	10	0	0	30s	100	1	8900
ga	1000	1182	10	10	0	0	30s	100	1	8900
ga	994	1182	10	10	0	0	30s	100	1	8900
ga	998	1209	10	10	0	0	30s	100	1	8900
ga	988	1220	10	10	0	0	30s	100	1	8900
ga	877	1329	10	10	0	0	30s	100	1	8900
ga	872	1357	10	10	0	0	30s	100	1	8900
ga	912	1354	10	10	0	0	30s	100	1	8900
ga	891	1272	10	10	0	0	30s	100	1	8900
ga	891	1238	10	10	0	0	30s	100	1	8900
ga	892	1220	10	10	0	0	30s	100	1	8900
ga	892	1202	10	10	0	0	30s	100	1	8900
ga	892	1185	10	10	0	0	30s	100	1	8900
ga	888	1168	10	10	0	0	30s	100	1	8900
ga	885	1155	10	10	0	0	30s	100	1	8900
ga	889	1142	10	10	0	0	30s	100	1	8900
ga	875	1140	10	10	0	0	30s	100	1	8900
ga	871	1138	10	10	0	0	30s	100	1	8900
ga	862	1138	10	10	0	0	30s	100	1	8900
ga	851	1140	10	10	0	0	30s	100	1	8900
ga	840	1140	10	10	0	0	30s	100	1	8900
ga	834	1140	10	10	0	0	30s	100	1	8900
ga	817	1143	10	10	0	0	30s	100	1	8900
ga	805	1143	10	10	0	0	30s	100	1	8900
ga	788	1142	10	10	0	0	30s	100	1	8900
ga	782	1142	10	10	0	0	30s	100	1	8900
ga	774	1142	10	10	0	0	30s	100	1	8900
ga	772	1157	10	10	0	0	30s	100	1	8900
ga	768	1168	10	10	0	0	30s	100	1	8900
ga	766	1178	10	10	0	0	30s	100	1	8900
ga	766	1189	10	10	0	0	30s	100	1	8900
ga	766	1202	10	10	0	0	30s	100	1	8900
ga	766	1212	10	10	0	0	30s	100	1	8900
ga	766	1223	10	10	0	0	30s	100	1	8900
ga	766	1232	10	10	0	0	30s	100	1	8900
ga	769	1280	10	10	0	0	30s	100	1	8900
ga	769	1288	10	10	0	0	30s	100	1	8900
ga	771	1300	10	10	0	0	30s	100	1	8900
ga	772	1311	10	10	0	0	30s	100	1	8900
ga	772	1325	10	10	0	0	30s	100	1	8900
ga	772	1342	10	10	0	0	30s	100	1	8900
ga	769	1355	10	10	0	0	30s	100	1	8900
ga	760	1355	10	10	0	0	30s	100	1	8900
ga	754	1352	10	10	0	0	30s	100	1	8900
ga	746	1331	10	10	0	0	30s	100	1	8900
ga	745	1320	10	10	0	0	30s	100	1	8900
ga	743	1315	10	10	0	0	30s	100	1	8900
ga	748	1323	10	10	0	0	30s	100	1	8900
ga	768	1354	10	10	0	0	30s	100	1	8900
ga	785	1354	10	10	0	0	30s	100	1	8900
ga	785	1346	10	10	0	0	30s	100	1	8900
ga	785	1340	10	10	0	0	30s	100	1	8900
ga	785	1332	10	10	0	0	30s	100	1	8900
ga	788	1317	10	10	0	0	30s	100	1	8900
ga	788	1315	10	10	0	0	30s	100	1	8900
ga	708	1331	10	10	0	0	30s	100	1	8900
ga	705	1331	10	10	0	0	30s	100	1	8900
ga	675	1335	10	10	0	0	30s	100	1	8900
ga	674	1335	10	10	0	0	30s	100	1	8900
ga	668	1334	10	10	0	0	30s	100	1	8900
ga	652	1331	10	10	0	0	30s	100	1	8900
ga	648	1331	10	10	0	0	30s	100	1	8900
ga	625	1331	10	10	0	0	30s	100	1	8900
ga	597	1329	10	10	0	0	30s	100	1	8900
ga	582	1332	10	10	0	0	30s	100	1	8900
ga	582	1332	10	10	0	0	30s	100	1	8900
ga	578	1332	10	10	0	0	30s	100	1	8900
ga	571	1332	10	10	0	0	30s	100	1	8900
ga	523	1335	10	10	0	0	30s	100	1	8900
ga	515	1332	10	10	0	0	30s	100	1	8900
ga	497	1331	10	10	0	0	30s	100	1	8900
ga	497	1331	10	10	0	0	30s	100	1	8900
ga	485	1331	10	10	0	0	30s	100	1	8900
ga	466	1331	10	10	0	0	30s	100	1	8900
ga	369	1329	10	10	0	0	30s	100	1	8900
ga	374	1352	10	10	0	0	30s	100	1	8900
ga	403	1331	10	10	0	0	30s	100	1	8900
ga	403	1334	10	10	0	0	30s	100	1	8900
ga	388	1348	10	10	0	0	30s	100	1	8900
ga	383	1348	10	10	0	0	30s	100	1	8900
ga	382	1320	10	10	0	0	30s	100	1	8900
ga	383	1308	10	10	0	0	30s	100	1	8900
ga	366	1309	10	10	0	0	30s	100	1	8900
ga	351	1312	10	10	0	0	30s	100	1	8900
ga	335	1318	10	10	0	0	30s	100	1	8900
ga	334	1318	10	10	0	0	30s	100	1	8900
ga	334	1329	10	10	0	0	30s	100	1	8900
ga	334	1335	10	10	0	0	30s	100	1	8900
ga	328	1358	10	10	0	0	30s	100	1	8900
ga	337	1362	10	10	0	0	30s	100	1	8900
ga	345	1363	10	10	0	0	30s	100	1	8900
ga	351	1363	10	10	0	0	30s	100	1	8900
ga	363	1365	10	10	0	0	30s	100	1	8900
ga	349	1351	10	10	0	0	30s	100	1	8900
ga	352	1331	10	10	0	0	30s	100	1	8900
ga	372	1340	10	10	0	0	30s	100	1	8900
ga	385	1357	10	10	0	0	30s	100	1	8900
ga	297	1334	10	10	0	0	30s	100	1	8900
ga	246	1334	10	10	0	0	30s	100	1	8900
ga	242	1335	10	10	0	0	30s	100	1	8900
ga	225	1334	10	10	0	0	30s	100	1	8900
ga	223	1334	10	10	0	0	30s	100	1	8900
ga	202	1334	10	10	0	0	30s	100	1	8900
ga	200	1334	10	10	0	0	30s	100	1	8900
ga	192	1334	10	10	0	0	30s	100	1	8900
ga	171	1335	10	10	0	0	30s	100	1	8900
ga	155	1334	10	10	0	0	30s	100	1	8900
ga	80	1328	10	10	0	0	30s	100	1	8900
ga	74	1305	10	10	0	0	30s	100	1	8900
ga	63	1311	10	10	0	0	30s	100	1	8900
ga	58	1311	10	10	0	0	30s	100	1	8900
ga	52	1328	10	10	0	0	30s	100	1	8900
ga	60	1348	10	10	0	0	30s	100	1	8900
ga	68	1355	10	10	0	0	30s	100	1	8900
ga	49	1357	10	10	0	0	30s	100	1	8900
ga	42	1354	10	10	0	0	30s	100	1	8900
ga	42	1335	10	10	0	0	30s	100	1	8900
ga	32	1322	10	10	0	0	30s	100	1	8900
ga	35	1311	10	10	0	0	30s	100	1	8900
ga	58	1314	10	10	0	0	30s	100	1	8900
ga	69	1320	10	10	0	0	30s	100	1	8900
ga	69	1340	10	10	0	0	30s	100	1	8900
ga	83	1360	10	10	0	0	30s	100	1	8900
ga	83	1355	10	10	0	0	30s	100	1	8900
ga	83	1331	10	10	0	0	30s	100	1	8900
ga	88	1322	10	10	0	0	30s	100	1	8900
ga	48	1335	10	10	0	0	30s	100	1	8900
ga	325	768	10	10	0	0	30s	100	1	8900
ga	323	803	10	10	0	0	30s	100	1	8900
ga	323	825	10	10	0	0	30s	100	1	8900
ga	325	835	10	10	0	0	30s	100	1	8900
ga	328	855	10	10	0	0	30s	100	1	8900
ga	329	874	10	10	0	0	30s	100	1	8900
ga	329	897	10	10	0	0	30s	100	1	8900
ga	325	915	10	10	0	0	30s	100	1	8900
ga	325	929	10	10	0	0	30s	100	1	8900
ga	325	954	10	10	0	0	30s	100	1	8900
ga	325	955	10	10	0	0	30s	100	1	8900
ga	325	995	10	10	0	0	30s	100	1	8900
ga	325	1011	10	10	0	0	30s	100	1	8900
ga	329	1012	10	10	0	0	30s	100	1	8900
ga	342	1015	10	10	0	0	30s	100	1	8900
ga	355	1020	10	10	0	0	30s	100	1	8900
ga	398	1023	10	10	0	0	30s	100	1	8900
ga	343	1025	10	10	0	0	30s	100	1	8900
ga	292	1020	10	10	0	0	30s	100	1	8900
ga	312	1026	10	10	0	0	30s	100	1	8900
ga	222	1017	10	10	0	0	30s	100	1	8900
ga	222	1051	10	10	0	0	30s	100	1	8900
ga	200	1046	10	10	0	0	30s	100	1	8900
ga	185	1043	10	10	0	0	30s	100	1	8900
ga	175	1040	10	10	0	0	30s	100	1	8900
ga	166	1032	10	10	0	0	30s	100	1	8900
ga	160	1009	10	10	0	0	30s	100	1	8900
ga	160	1005	10	10	0	0	30s	100	1	8900
ga	175	998	10	10	0	0	30s	100	1	8900
ga	194	1000	10	10	0	0	30s	100	1	8900
ga	189	1022	10	10	0	0	30s	100	1	8900
ga	182	1031	10	10	0	0	30s	100	1	8900
ga	203	1028	10	10	0	0	30s	100	1	8900
ga	211	1028	10	10	0	0	30s	100	1	8900
ga	214	997	10	10	0	0	30s	100	1	8900
ga	215	989	10	10	0	0	30s	100	1	8900
ga	198	992	10	10	0	0	30s	100	1	8900
ga	175	994	10	10	0	0	30s	100	1	8900
ga	185	1022	10	10	0	0	30s	100	1	8900
ga	185	1032	10	10	0	0	30s	100	1	8900
ga	171	1055	10	10	0	0	30s	100	1	8900
ga	174	1023	10	10	0	0	30s	100	1	8900
ga	192	1011	10	10	0	0	30s	100	1	8900
ga	218	1023	10	10	0	0	30s	100	1	8900
ga	209	1002	10	10	0	0	30s	100	1	8900
ga	154	1023	10	10	0	0	30s	100	1	8900
ga	140	1022	10	10	0	0	30s	100	1	8900
ga	134	1018	10	10	0	0	30s	100	1	8900
ga	134	1018	10	10	0	0	30s	100	1	8900
ga	95	865	10	10	0	0	30s	100	1	8900
ga	75	877	10	10	0	0	30s	100	1	8900
ga	63	872	10	10	0	0	30s	100	1	8900
ga	86	874	10	10	0	0	30s	100	1	8900
ga	62	891	10	10	0	0	30s	100	1	8900
ga	60	906	10	10	0	0	30s	100	1	8900
ga	58	917	10	10	0	0	30s	100	1	8900
ga	62	942	10	10	0	0	30s	100	1	8900
ga	62	949	10	10	0	0	30s	100	1	8900
ga	63	968	10	10	0	0	30s	100	1	8900
ga	63	983	10	10	0	0	30s	100	1	8900
ga	66	1008	10	10	0	0	30s	100	1	8900
ga	68	1023	10	10	0	0	30s	100	1	8900
ga	68	1042	10	10	0	0	30s	100	1	8900
ga	65	1054	10	10	0	0	30s	100	1	8900
ga	65	1071	10	10	0	0	30s	100	1	8900
ga	65	1082	10	10	0	0	30s	100	1	8900
ga	63	1095	10	10	0	0	30s	100	1	8900
ga	63	1115	10	10	0	0	30s	100	1	8900
ga	63	1134	10	10	0	0	30s	100	1	8900
ga	65	1148	10	10	0	0	30s	100	1	8900
ga	66	1169	10	10	0	0	30s	100	1	8900
ga	68	1185	10	10	0	0	30s	100	1	8900
ga	68	1197	10	10	0	0	30s	100	1	8900
ga	65	1223	10	10	0	0	30s	100	1	8900
ga	65	1234	10	10	0	0	30s	100	1	8900
ga	63	1209	10	10	0	0	30s	100	1	8900
ga	63	1202	10	10	0	0	30s	100	1	8900
ga	100	1014	10	10	0	0	30s	100	1	8900
ga	86	1015	10	10	0	0	30s	100	1	8900
ga	92	1025	10	10	0	0	30s	100	1	8900
ga	169	875	10	10	0	0	30s	100	1	8900
ga	155	875	10	10	0	0	30s	100	1	8900
ga	142	878	10	10	0	0	30s	100	1	8900
ga	134	869	10	10	0	0	30s	100	1	8900
ga	145	869	10	10	0	0	30s	100	1	8900
ga	157	874	10	10	0	0	30s	100	1	8900
ga	62	1277	10	10	0	0	30s	100	1	8900
ga	62	1275	10	10	0	0	30s	100	1	8900
ga	78	1303	10	10	0	0	30s	100	1	8900
ga	91	1306	10	10	0	0	30s	100	1	8900
ga	91	1306	10	10	0	0	30s	100	1	8900
ga	43	1306	10	10	0	0	30s	100	1	8900
ga	165	1146	10	10	0	0	30s	100	1	8900
ga	163	1154	10	10	0	0	30s	100	1	8900
ga	163	1162	10	10	0	0	30s	100	1	8900
ga	165	1172	10	10	0	0	30s	100	1	8900
ga	165	1189	10	10	0	0	30s	100	1	8900
ga	165	1203	10	10	0	0	30s	100	1	8900
ga	171	1211	10	10	0	0	30s	100	1	8900
ga	189	1212	10	10	0	0	30s	100	1	8900
ga	198	1211	10	10	0	0	30s	100	1	8900
ga	208	1209	10	10	0	0	30s	100	1	8900
ga	217	1211	10	10	0	0	30s	100	1	8900
ga	226	1200	10	10	0	0	30s	100	1	8900
ga	225	1188	10	10	0	0	30s	100	1	8900
ga	223	1165	10	10	0	0	30s	100	1	8900
ga	223	1154	10	10	0	0	30s	100	1	8900
ga	220	1152	10	10	0	0	30s	100	1	8900
ga	188	1160	10	10	0	0	30s	100	1	8900
ga	183	1160	10	10	0	0	30s	100	1	8900
ga	191	1178	10	10	0	0	30s	100	1	8900
ga	212	1195	10	10	0	0	30s	100	1	8900
ga	195	1206	10	10	0	0	30s	100	1	8900
ga	186	1191	10	10	0	0	30s	100	1	8900
ga	203	1172	10	10	0	0	30s	100	1	8900
ga	200	1168	10	10	0	0	30s	100	1	8900
ga	177	1169	10	10	0	0	30s	100	1	8900
ga	189	1071	10	10	0	0	30s	100	1	8900
ga	192	1082	10	10	0	0	30s	100	1	8900
ga	200	1074	10	10	0	0	30s	100	1	8900
ga	202	1066	10	10	0	0	30s	100	1	8900
ga	255	1023	10	10	0	0	30s	100	1	8900
ga	243	1025	10	10	0	0	30s	100	1	8900
ga	460	1130	10	10	0	0	30s	100	1	8900
ga	458	1135	10	10	0	0	30s	100	1	8900
ga	453	1154	10	10	0	0	30s	100	1	8900
ga	453	1163	10	10	0	0	30s	100	1	8900
ga	460	1176	10	10	0	0	30s	100	1	8900
ga	465	1188	10	10	0	0	30s	100	1	8900
ga	476	1190	10	10	0	0	30s	100	1	8900
ga	472	1201	10	10	0	0	30s	100	1	8900
ga	485	1205	10	10	0	0	30s	100	1	8900
ga	491	1179	10	10	0	0	30s	100	1	8900
ga	489	1168	10	10	0	0	30s	100	1	8900
ga	481	1165	10	10	0	0	30s	100	1	8900
ga	463	1168	10	10	0	0	30s	100	1	8900
ga	453	1205	10	10	0	0	30s	100	1	8900
ga	448	1207	10	10	0	0	30s	100	1	8900
ga	429	1205	10	10	0	0	30s	100	1	8900
ga	425	1193	10	10	0	0	30s	100	1	8900
ga	427	1176	10	10	0	0	30s	100	1	8900
ga	428	1167	10	10	0	0	30s	100	1	8900
ga	428	1155	10	10	0	0	30s	100	1	8900
ga	447	1175	10	10	0	0	30s	100	1	8900
ga	445	1187	10	10	0	0	30s	100	1	8900
ga	447	1208	10	10	0	0	30s	100	1	8900
ga	481	1192	10	10	0	0	30s	100	1	8900
ga	488	1179	10	10	0	0	30s	100	1	8900
ga	511	1176	10	10	0	0	30s	100	1	8900
ga	488	1151	10	10	0	0	30s	100	1	8900
ga	488	1151	10	10	0	0	30s	100	1	8900
ga	463	1153	10	10	0	0	30s	100	1	8900
ga	467	1199	10	10	0	0	30s	100	1	8900
ga	587	1084	10	10	0	0	30s	100	1	8900
ga	587	1071	10	10	0	0	30s	100	1	8900
ga	589	1060	10	10	0	0	30s	100	1	8900
ga	592	1035	10	10	0	0	30s	100	1	8900
ga	595	1019	10	10	0	0	30s	100	1	8900
ga	595	999	10	10	0	0	30s	100	1	8900
ga	595	977	10	10	0	0	30s	100	1	8900
ga	595	969	10	10	0	0	30s	100	1	8900
ga	604	961	10	10	0	0	30s	100	1	8900
ga	612	959	10	10	0	0	30s	100	1	8900
ga	617	956	10	10	0	0	30s	100	1	8900
ga	668	957	10	10	0	0	30s	100	1	8900
ga	688	960	10	10	0	0	30s	100	1	8900
ga	689	960	10	10	0	0	30s	100	1	8900
ga	696	960	10	10	0	0	30s	100	1	8900
ga	704	960	10	10	0	0	30s	100	1	8900
ga	727	963	10	10	0	0	30s	100	1	8900
ga	743	961	10	10	0	0	30s	100	1	8900
ga	745	961	10	10	0	0	30s	100	1	8900
ga	728	956	10	10	0	0	30s	100	1	8900
ga	697	956	10	10	0	0	30s	100	1	8900
ga	673	957	10	10	0	0	30s	100	1	8900
ga	788	955	10	10	0	0	30s	100	1	8900
ga	808	956	10	10	0	0	30s	100	1	8900
ga	815	957	10	10	0	0	30s	100	1	8900
ga	824	939	10	10	0	0	30s	100	1	8900
ga	824	923	10	10	0	0	30s	100	1	8900
ga	823	903	10	10	0	0	30s	100	1	8900
ga	823	896	10	10	0	0	30s	100	1	8900
ga	825	875	10	10	0	0	30s	100	1	8900
ga	827	861	10	10	0	0	30s	100	1	8900
ga	827	856	10	10	0	0	30s	100	1	8900
ga	827	837	10	10	0	0	30s	100	1	8900
ga	828	785	10	10	0	0	30s	100	1	8900
ga	825	771	10	10	0	0	30s	100	1	8900
ga	823	767	10	10	0	0	30s	100	1	8900
ga	796	769	10	10	0	0	30s	100	1	8900
ga	777	769	10	10	0	0	30s	100	1	8900
ga	771	768	10	10	0	0	30s	100	1	8900
ga	767	756	10	10	0	0	30s	100	1	8900
ga	763	737	10	10	0	0	30s	100	1	8900
ga	763	727	10	10	0	0	30s	100	1	8900
ga	763	717	10	10	0	0	30s	100	1	8900
ga	763	704	10	10	0	0	30s	100	1	8900
ga	763	656	10	10	0	0	30s	100	1	8900
ga	763	635	10	10	0	0	30s	100	1	8900
ga	761	604	10	10	0	0	30s	100	1	8900
ga	760	576	10	10	0	0	30s	100	1	8900
ga	769	557	10	10	0	0	30s	100	1	8900
ga	771	585	10	10	0	0	30s	100	1	8900
ga	767	599	10	10	0	0	30s	100	1	8900
ga	763	645	10	10	0	0	30s	100	1	8900
ga	771	669	10	10	0	0	30s	100	1	8900
ga	771	624	10	10	0	0	30s	100	1	8900
ga	883	780	10	10	0	0	30s	100	1	8900
ga	883	788	10	10	0	0	30s	100	1	8900
ga	884	804	10	10	0	0	30s	100	1	8900
ga	888	827	10	10	0	0	30s	100	1	8900
ga	889	844	10	10	0	0	30s	100	1	8900
ga	884	867	10	10	0	0	30s	100	1	8900
ga	884	884	10	10	0	0	30s	100	1	8900
ga	884	916	10	10	0	0	30s	100	1	8900
ga	884	940	10	10	0	0	30s	100	1	8900
ga	888	953	10	10	0	0	30s	100	1	8900
ga	889	969	10	10	0	0	30s	100	1	8900
ga	889	985	10	10	0	0	30s	100	1	8900
ga	889	1000	10	10	0	0	30s	100	1	8900
ga	889	1019	10	10	0	0	30s	100	1	8900
ga	903	1021	10	10	0	0	30s	100	1	8900
ga	920	1017	10	10	0	0	30s	100	1	8900
ga	940	1019	10	10	0	0	30s	100	1	8900
ga	952	1021	10	10	0	0	30s	100	1	8900
ga	947	1033	10	10	0	0	30s	100	1	8900
ga	943	1045	10	10	0	0	30s	100	1	8900
ga	996	676	10	10	0	0	30s	100	1	8900
ga	1007	677	10	10	0	0	30s	100	1	8900
ga	1013	679	10	10	0	0	30s	100	1	8900
ga	1024	687	10	10	0	0	30s	100	1	8900
ga	1019	713	10	10	0	0	30s	100	1	8900
ga	1017	735	10	10	0	0	30s	100	1	8900
ga	1017	747	10	10	0	0	30s	100	1	8900
ga	1020	763	10	10	0	0	30s	100	1	8900
ga	1015	765	10	10	0	0	30s	100	1	8900
ga	993	764	10	10	0	0	30s	100	1	8900
ga	992	764	10	10	0	0	30s	100	1	8900
ga	983	764	10	10	0	0	30s	100	1	8900
ga	959	771	10	10	0	0	30s	100	1	8900
ga	956	784	10	10	0	0	30s	100	1	8900
ga	955	811	10	10	0	0	30s	100	1	8900
ga	955	811	10	10	0	0	30s	100	1	8900
ga	957	825	10	10	0	0	30s	100	1	8900
ga	952	843	10	10	0	0	30s	100	1	8900
ga	951	861	10	10	0	0	30s	100	1	8900
ga	956	877	10	10	0	0	30s	100	1	8900
ga	960	885	10	10	0	0	30s	100	1	8900
ga	961	903	10	10	0	0	30s	100	1	8900
ga	963	913	10	10	0	0	30s	100	1	8900
ga	969	921	10	10	0	0	30s	100	1	8900
ga	984	916	10	10	0	0	30s	100	1	8900
ga	995	916	10	10	0	0	30s	100	1	8900
ga	1005	917	10	10	0	0	30s	100	1	8900
ga	1013	925	10	10	0	0	30s	100	1	8900
ga	1013	939	10	10	0	0	30s	100	1	8900
ga	1015	971	10	10	0	0	30s	100	1	8900
ga	1020	999	10	10	0	0	30s	100	1	8900
ga	1023	1027	10	10	0	0	30s	100	1	8900
ga	1023	1043	10	10	0	0	30s	100	1	8900
ga	1021	1059	10	10	0	0	30s	100	1	8900
ga	1020	1080	10	10	0	0	30s	100	1	8900
ga	1019	1043	10	10	0	0	30s	100	1	8900
ga	1016	1027	10	10	0	0	30s	100	1	8900
ga	1016	1017	10	10	0	0	30s	100	1	8900
ga	1020	971	10	10	0	0	30s	100	1	8900
ga	1024	945	10	10	0	0	30s	100	1	8900
ga	1019	1148	10	10	0	0	30s	100	1	8900
ga	1017	1161	10	10	0	0	30s	100	1	8900
ga	1024	1173	10	10	0	0	30s	100	1	8900
ga	1045	1172	10	10	0	0	30s	100	1	8900
ga	589	1155	10	10	0	0	30s	100	1	8900
ga	589	1169	10	10	0	0	30s	100	1	8900
ga	586	1183	10	10	0	0	30s	100	1	8900
ga	581	1183	10	10	0	0	30s	100	1	8900
ga	561	1183	10	10	0	0	30s	100	1	8900
ga	591	1179	10	10	0	0	30s	100	1	8900
ga	619	1181	10	10	0	0	30s	100	1	8900
ga	611	1183	10	10	0	0	30s	100	1	8900
ga	595	1183	10	10	0	0	30s	100	1	8900
ga	673	1183	10	10	0	0	30s	100	1	8900
ga	680	1179	10	10	0	0	30s	100	1	8900
ga	683	1178	10	10	0	0	30s	100	1	8900
ga	690	1176	10	10	0	0	30s	100	1	8900
ga	690	1176	10	10	0	0	30s	100	1	8900
ga	690	1154	10	10	0	0	30s	100	1	8900
ga	689	1140	10	10	0	0	30s	100	1	8900
ga	689	1134	10	10	0	0	30s	100	1	8900
ga	693	1104	10	10	0	0	30s	100	1	8900
ga	694	1095	10	10	0	0	30s	100	1	8900
ga	690	1085	10	10	0	0	30s	100	1	8900
ga	690	1063	10	10	0	0	30s	100	1	8900
ga	694	1048	10	10	0	0	30s	100	1	8900
ga	694	1038	10	10	0	0	30s	100	1	8900
ga	703	1030	10	10	0	0	30s	100	1	8900
ga	686	1029	10	10	0	0	30s	100	1	8900
ga	1247	1080	10	10	0	0	30s	100	1	8900
ga	1268	1078	10	10	0	0	30s	100	1	8900
ga	1282	1083	10	10	0	0	30s	100	1	8900
ga	1293	1085	10	10	0	0	30s	100	1	8900
ga	1315	1085	10	10	0	0	30s	100	1	8900
ga	1323	1085	10	10	0	0	30s	100	1	8900
ga	1340	1085	10	10	0	0	30s	100	1	8900
ga	1345	1065	10	10	0	0	30s	100	1	8900
ga	1342	1055	10	10	0	0	30s	100	1	8900
ga	1342	1048	10	10	0	0	30s	100	1	8900
ga	1340	1037	10	10	0	0	30s	100	1	8900
ga	1340	1015	10	10	0	0	30s	100	1	8900
ga	1340	1005	10	10	0	0	30s	100	1	8900
ga	1345	972	10	10	0	0	30s	100	1	8900
ga	1345	965	10	10	0	0	30s	100	1	8900
ga	1343	958	10	10	0	0	30s	100	1	8900
ga	1327	960	10	10	0	0	30s	100	1	8900
ga	1325	960	10	10	0	0	30s	100	1	8900
ga	1323	960	10	10	0	0	30s	100	1	8900
ga	1317	960	10	10	0	0	30s	100	1	8900
ga	1355	967	10	10	0	0	30s	100	1	8900
ga	1362	963	10	10	0	0	30s	100	1	8900
ga	1475	912	10	10	0	0	30s	100	1	8900
ga	1477	852	10	10	0	0	30s	100	1	8900
ga	1475	837	10	10	0	0	30s	100	1	8900
ga	1472	828	10	10	0	0	30s	100	1	8900
ga	1473	773	10	10	0	0	30s	100	1	8900
ga	1473	762	10	10	0	0	30s	100	1	8900
ga	1475	753	10	10	0	0	30s	100	1	8900
ga	1472	705	10	10	0	0	30s	100	1	8900
ga	1472	692	10	10	0	0	30s	100	1	8900
ga	1470	680	10	10	0	0	30s	100	1	8900
ga	1470	652	10	10	0	0	30s	100	1	8900
ga	1470	648	10	10	0	0	30s	100	1	8900
ga	1470	630	10	10	0	0	30s	100	1	8900
ga	1470	612	10	10	0	0	30s	100	1	8900
ga	1472	583	10	10	0	0	30s	100	1	8900
ga	1472	900	10	10	0	0	30s	100	1	8900
ga	1328	1463	10	10	0	0	30s	100	1	8900
ga	1323	1463	10	10	0	0	30s	100	1	8900
ga	1305	1465	10	10	0	0	30s	100	1	8900
ga	1300	1466	10	10	0	0	30s	100	1	8900
ga	1291	1466	10	10	0	0	30s	100	1	8900
ga	1275	1463	10	10	0	0	30s	100	1	8900
ga	1266	1463	10	10	0	0	30s	100	1	8900
ga	1263	1463	10	10	0	0	30s	100	1	8900
ga	1228	1468	10	10	0	0	30s	100	1	8900
ga	1240	1465	10	10	0	0	30s	100	1	8900
ga	1248	1465	10	10	0	0	30s	100	1	8900
ga	1228	1455	10	10	0	0	30s	100	1	8900
ga	1228	1442	10	10	0	0	30s	100	1	8900
ga	1229	1422	10	10	0	0	30s	100	1	8900
ga	1229	1409	10	10	0	0	30s	100	1	8900
ga	1225	1402	10	10	0	0	30s	100	1	8900
ga	1223	1382	10	10	0	0	30s	100	1	8900
ga	1222	1366	10	10	0	0	30s	100	1	8900
ga	1222	1345	10	10	0	0	30s	100	1	8900
ga	1226	1343	10	10	0	0	30s	100	1	8900
ga	1243	1349	10	10	0	0	30s	100	1	8900
ga	1255	1349	10	10	0	0	30s	100	1	8900
ga	1272	1349	10	10	0	0	30s	100	1	8900
ga	1294	1351	10	10	0	0	30s	100	1	8900
ga	1295	1351	10	10	0	0	30s	100	1	8900
ga	1308	1349	10	10	0	0	30s	100	1	8900
ga	1338	1348	10	10	0	0	30s	100	1	8900
ga	1349	1348	10	10	0	0	30s	100	1	8900
ga	1363	1343	10	10	0	0	30s	100	1	8900
ga	1371	1342	10	10	0	0	30s	100	1	8900
ga	1375	1342	10	10	0	0	30s	100	1	8900
ga	1218	1332	10	10	0	0	30s	100	1	8900
ga	1223	1314	10	10	0	0	30s	100	1	8900
ga	1223	1312	10	10	0	0	30s	100	1	8900
ga	1229	1286	10	10	0	0	30s	100	1	8900
ga	1229	1272	10	10	0	0	30s	100	1	8900
ga	1228	1252	10	10	0	0	30s	100	1	8900
ga	1238	1255	10	10	0	0	30s	100	1	8900
ga	1252	1257	10	10	0	0	30s	100	1	8900
ga	1266	1260	10	10	0	0	30s	100	1	8900
ga	1272	1262	10	10	0	0	30s	100	1	8900
ga	1286	1260	10	10	0	0	30s	100	1	8900
ga	1297	1260	10	10	0	0	30s	100	1	8900
ga	1317	1258	10	10	0	0	30s	100	1	8900
ga	1322	1257	10	10	0	0	30s	100	1	8900
ga	1328	1257	10	10	0	0	30s	100	1	8900
ga	1371	1255	10	10	0	0	30s	100	1	8900
ga	1365	1255	10	10	0	0	30s	100	1	8900
ga	1357	1255	10	10	0	0	30s	100	1	8900
ga	1378	1255	10	10	0	0	30s	100	1	8900
ga	1228	1237	10	10	0	0	30s	100	1	8900
ga	1225	1223	10	10	0	0	30s	100	1	8900
ga	1225	1212	10	10	0	0	30s	100	1	8900
ga	1223	1198	10	10	0	0	30s	100	1	8900
ga	1223	1185	10	10	0	0	30s	100	1	8900
ga	1226	1169	10	10	0	0	30s	100	1	8900
ga	1226	1169	10	10	0	0	30s	100	1	8900
ga	1245	1168	10	10	0	0	30s	100	1	8900
ga	1266	1166	10	10	0	0	30s	100	1	8900
ga	1271	1165	10	10	0	0	30s	100	1	8900
ga	1288	1165	10	10	0	0	30s	100	1	8900
ga	1295	1165	10	10	0	0	30s	100	1	8900
ga	1308	1165	10	10	0	0	30s	100	1	8900
ga	1335	1168	10	10	0	0	30s	100	1	8900
ga	1337	1168	10	10	0	0	30s	100	1	8900
ga	1345	1168	10	10	0	0	30s	100	1	8900
ga	1349	1168	10	10	0	0	30s	100	1	8900
ga	1348	1257	10	10	0	0	30s	100	1	8900
ga	1438	1351	10	10	0	0	30s	100	1	8900
ga	1429	1345	10	10	0	0	30s	100	1	8900
ga	1425	1343	10	10	0	0	30s	100	1	8900
ga	1420	1343	10	10	0	0	30s	100	1	8900
