g	158	245	10	10	0	0	10s	100	1	6323
g	171	266	10	10	0	0	10s	100	1	6323
g	191	274	10	10	0	0	10s	100	1	6323
g	206	270	10	10	0	0	10s	100	1	6323
g	252	263	10	10	0	0	10s	100	1	6323
g	260	274	10	10	0	0	10s	100	1	6323
g	253	312	10	10	0	0	10s	100	1	6323
g	240	326	10	10	0	0	10s	100	1	6323
g	276	326	10	10	0	0	10s	100	1	6323
g	282	302	10	10	0	0	10s	100	1	6323
g	314	293	10	10	0	0	10s	100	1	6323
g	328	271	10	10	0	0	10s	100	1	6323
g	292	274	10	10	0	0	10s	100	1	6323
g	296	234	10	10	0	0	10s	100	1	6323
g	310	220	10	10	0	0	10s	100	1	6323
g	340	222	10	10	0	0	10s	100	1	6323
g	366	270	10	10	0	0	10s	100	1	6323
g	358	220	10	10	0	0	10s	100	1	6323
g	388	224	10	10	0	0	10s	100	1	6323
g	168	252	10	10	0	0	10s	100	1	6323
g	186	288	10	10	0	0	10s	100	1	6323
g	178	311	10	10	0	0	10s	100	1	6323
g	199	320	10	10	0	0	10s	100	1	6323
g	200	332	10	10	0	0	10s	100	1	6323
g	211	336	10	10	0	0	10s	100	1	6323
g	206	354	10	10	0	0	10s	100	1	6323
g	214	408	10	10	0	0	10s	100	1	6323
g	218	448	10	10	0	0	10s	100	1	6323
g	213	393	10	10	0	0	10s	100	1	6323
g	210	422	10	10	0	0	10s	100	1	6323
g	242	480	10	10	0	0	10s	100	1	6323
g	234	548	10	10	0	0	10s	100	1	6323
g	244	528	10	10	0	0	10s	100	1	6323
g	218	482	10	10	0	0	10s	100	1	6323
g	220	510	10	10	0	0	10s	100	1	6323
g	184	434	10	10	0	0	10s	100	1	6323
g	176	410	10	10	0	0	10s	100	1	6323
g	192	402	10	10	0	0	10s	100	1	6323
g	236	256	10	10	0	0	10s	100	1	6323
g	424	209	10	10	0	0	10s	100	1	6323
g	446	189	10	10	0	0	10s	100	1	6323
g	468	197	10	10	0	0	10s	100	1	6323
g	466	211	10	10	0	0	10s	100	1	6323
g	489	204	10	10	0	0	10s	100	1	6323
g	508	190	10	10	0	0	10s	100	1	6323
g	532	191	10	10	0	0	10s	100	1	6323
g	546	187	10	10	0	0	10s	100	1	6323
g	554	176	10	10	0	0	10s	100	1	6323
g	528	176	10	10	0	0	10s	100	1	6323
g	514	180	10	10	0	0	10s	100	1	6323
g	578	202	10	10	0	0	10s	100	1	6323
g	604	216	10	10	0	0	10s	100	1	6323
g	623	224	10	10	0	0	10s	100	1	6323
g	624	196	10	10	0	0	10s	100	1	6323
g	596	181	10	10	0	0	10s	100	1	6323
g	636	162	10	10	0	0	10s	100	1	6323
g	350	483	10	10	0	0	10s	100	1	6323
g	372	468	10	10	0	0	10s	100	1	6323
g	390	448	10	10	0	0	10s	100	1	6323
g	393	415	10	10	0	0	10s	100	1	6323
g	400	398	10	10	0	0	10s	100	1	6323
g	422	364	10	10	0	0	10s	100	1	6323
g	434	341	10	10	0	0	10s	100	1	6323
g	444	330	10	10	0	0	10s	100	1	6323
g	445	359	10	10	0	0	10s	100	1	6323
g	442	405	10	10	0	0	10s	100	1	6323
g	449	430	10	10	0	0	10s	100	1	6323
g	450	514	10	10	0	0	10s	100	1	6323
g	181	266	10	10	0	0	10s	100	1	6324
g	225	262	10	10	0	0	10s	100	1	6324
g	236	273	10	10	0	0	10s	100	1	6324
g	250	283	10	10	0	0	10s	100	1	6324
g	263	264	10	10	0	0	10s	100	1	6324
g	240	242	10	10	0	0	10s	100	1	6324
g	202	262	10	10	0	0	10s	100	1	6324
g	194	299	10	10	0	0	10s	100	1	6324
g	216	318	10	10	0	0	10s	100	1	6324
g	194	346	10	10	0	0	10s	100	1	6324
g	230	333	10	10	0	0	10s	100	1	6324
g	230	312	10	10	0	0	10s	100	1	6324
g	204	310	10	10	0	0	10s	100	1	6324
g	208	380	10	10	0	0	10s	100	1	6324
g	202	410	10	10	0	0	10s	100	1	6324
g	307	250	10	10	0	0	10s	100	1	6324
g	340	260	10	10	0	0	10s	100	1	6324
g	330	230	10	10	0	0	10s	100	1	6324
g	318	259	10	10	0	0	10s	100	1	6324
g	306	285	10	10	0	0	10s	100	1	6324
g	346	282	10	10	0	0	10s	100	1	6324
g	365	256	10	10	0	0	10s	100	1	6324
g	399	250	10	10	0	0	10s	100	1	6324
g	448	218	10	10	0	0	10s	100	1	6324
g	426	220	10	10	0	0	10s	100	1	6324
g	421	389	10	10	0	0	10s	100	1	6324
g	420	411	10	10	0	0	10s	100	1	6324
g	486	184	10	10	0	0	10s	100	1	6324
g	266	238	10	10	0	0	10s	100	1	6325
g	284	238	10	10	0	0	10s	100	1	6325
g	303	264	10	10	0	0	10s	100	1	6325
g	276	272	10	10	0	0	10s	100	1	6325
g	268	300	10	10	0	0	10s	100	1	6325
g	298	296	10	10	0	0	10s	100	1	6325
g	261	330	10	10	0	0	10s	100	1	6325
g	195	361	10	10	0	0	10s	100	1	6325
g	216	366	10	10	0	0	10s	100	1	6325
g	226	398	10	10	0	0	10s	100	1	6325
g	221	423	10	10	0	0	10s	100	1	6325
g	212	438	10	10	0	0	10s	100	1	6325
g	210	456	10	10	0	0	10s	100	1	6325
g	226	427	10	10	0	0	10s	100	1	6325
g	232	443	10	10	0	0	10s	100	1	6325
g	240	468	10	10	0	0	10s	100	1	6325
g	256	468	10	10	0	0	10s	100	1	6325
g	242	445	10	10	0	0	10s	100	1	6325
g	240	412	10	10	0	0	10s	100	1	6325
g	273	496	10	10	0	0	10s	100	1	6325
g	266	514	10	10	0	0	10s	100	1	6325
g	222	568	10	10	0	0	10s	100	1	6325
g	230	524	10	10	0	0	10s	100	1	6325
g	226	485	10	10	0	0	10s	100	1	6325
g	358	475	10	10	0	0	10s	100	1	6325
g	376	458	10	10	0	0	10s	100	1	6325
g	392	460	10	10	0	0	10s	100	1	6325
g	421	454	10	10	0	0	10s	100	1	6325
g	438	459	10	10	0	0	10s	100	1	6325
g	454	449	10	10	0	0	10s	100	1	6325
g	462	482	10	10	0	0	10s	100	1	6325
g	436	528	10	10	0	0	10s	100	1	6325
g	425	440	10	10	0	0	10s	100	1	6325
g	434	386	10	10	0	0	10s	100	1	6325
g	433	366	10	10	0	0	10s	100	1	6325
g	472	322	10	10	0	0	10s	100	1	6325
g	434	328	10	10	0	0	10s	100	1	6325
g	412	360	10	10	0	0	10s	100	1	6325
g	406	371	10	10	0	0	10s	100	1	6325
g	232	476	10	10	0	0	10s	100	1	6326
g	246	491	10	10	0	0	10s	100	1	6326
g	256	504	10	10	0	0	10s	100	1	6326
g	231	534	10	10	0	0	10s	100	1	6326
g	225	550	10	10	0	0	10s	100	1	6326
g	399	450	10	10	0	0	10s	100	1	6326
g	413	442	10	10	0	0	10s	100	1	6326
g	412	413	10	10	0	0	10s	100	1	6326
g	438	420	10	10	0	0	10s	100	1	6326
g	438	442	10	10	0	0	10s	100	1	6326
g	442	484	10	10	0	0	10s	100	1	6326
g	452	494	10	10	0	0	10s	100	1	6326
g	368	211	10	10	0	0	10s	100	1	6326
g	380	236	10	10	0	0	10s	100	1	6326
g	402	232	10	10	0	0	10s	100	1	6326
g	392	208	10	10	0	0	10s	100	1	6326
g	404	200	10	10	0	0	10s	100	1	6326
g	436	198	10	10	0	0	10s	100	1	6326
g	320	240	10	10	0	0	10s	100	1	6326
g	336	266	10	10	0	0	10s	100	1	6326
g	587	191	10	10	0	0	10s	100	1	6326
g	613	206	10	10	0	0	10s	100	1	6326
g	648	221	10	10	0	0	10s	100	1	6326
g	656	256	10	10	0	0	10s	100	1	6326
g	686	272	10	10	0	0	10s	100	1	6326
g	724	268	10	10	0	0	10s	100	1	6326
g	734	236	10	10	0	0	10s	100	1	6326
g	742	212	10	10	0	0	10s	100	1	6326
g	744	184	10	10	0	0	10s	100	1	6326
g	735	148	10	10	0	0	10s	100	1	6326
g	709	142	10	10	0	0	10s	100	1	6326
g	683	166	10	10	0	0	10s	100	1	6326
g	689	202	10	10	0	0	10s	100	1	6326
g	728	204	10	10	0	0	10s	100	1	6326
g	714	168	10	10	0	0	10s	100	1	6326
g	660	160	10	10	0	0	10s	100	1	6326
g	660	191	10	10	0	0	10s	100	1	6326
g	686	230	10	10	0	0	10s	100	1	6326
g	699	247	10	10	0	0	10s	100	1	6326
g	688	145	10	10	0	0	10s	100	1	6326
g	511	207	10	10	0	0	10s	100	1	6326
g	471	174	10	10	0	0	10s	100	1	6326
g	452	178	10	10	0	0	10s	100	1	6326
g	508	168	10	10	0	0	10s	100	1	6326
g	409	212	10	10	0	0	10s	100	1	6326
g	412	229	10	10	0	0	10s	100	1	6326
g	360	234	10	10	0	0	10s	100	1	6326
g	342	238	10	10	0	0	10s	100	1	6326
g	280	289	10	10	0	0	10s	100	1	6326
g	308	238	10	10	0	0	10s	100	1	6326
g	476	193	10	10	0	0	10s	100	1	6327
g	494	178	10	10	0	0	10s	100	1	6327
g	521	190	10	10	0	0	10s	100	1	6327
g	548	172	10	10	0	0	10s	100	1	6327
g	561	162	10	10	0	0	10s	100	1	6327
g	588	170	10	10	0	0	10s	100	1	6327
g	614	161	10	10	0	0	10s	100	1	6327
g	596	164	10	10	0	0	10s	100	1	6327
g	542	205	10	10	0	0	10s	100	1	6327
g	570	214	10	10	0	0	10s	100	1	6327
g	591	206	10	10	0	0	10s	100	1	6327
g	606	196	10	10	0	0	10s	100	1	6327
g	631	179	10	10	0	0	10s	100	1	6327
g	642	196	10	10	0	0	10s	100	1	6327
g	664	211	10	10	0	0	10s	100	1	6327
g	664	235	10	10	0	0	10s	100	1	6327
g	644	246	10	10	0	0	10s	100	1	6327
g	667	274	10	10	0	0	10s	100	1	6327
g	676	220	10	10	0	0	10s	100	1	6327
g	686	182	10	10	0	0	10s	100	1	6327
g	695	162	10	10	0	0	10s	100	1	6327
g	708	200	10	10	0	0	10s	100	1	6327
g	714	236	10	10	0	0	10s	100	1	6327
g	702	272	10	10	0	0	10s	100	1	6327
g	728	284	10	10	0	0	10s	100	1	6327
g	722	297	10	10	0	0	10s	100	1	6327
g	744	294	10	10	0	0	10s	100	1	6327
g	722	218	10	10	0	0	10s	100	1	6327
g	724	196	10	10	0	0	10s	100	1	6327
g	743	172	10	10	0	0	10s	100	1	6327
g	744	156	10	10	0	0	10s	100	1	6327
g	708	146	10	10	0	0	10s	100	1	6327
g	421	402	10	10	0	0	10s	100	1	6327
g	422	381	10	10	0	0	10s	100	1	6327
g	444	345	10	10	0	0	10s	100	1	6327
g	494	324	10	10	0	0	10s	100	1	6327
g	520	326	10	10	0	0	10s	100	1	6327
g	537	328	10	10	0	0	10s	100	1	6327
g	567	334	10	10	0	0	10s	100	1	6327
g	465	334	10	10	0	0	10s	100	1	6327
g	451	324	10	10	0	0	10s	100	1	6327
g	454	358	10	10	0	0	10s	100	1	6327
g	448	391	10	10	0	0	10s	100	1	6327
g	456	412	10	10	0	0	10s	100	1	6327
g	442	540	10	10	0	0	10s	100	1	6327
g	456	633	10	10	0	0	10s	100	1	6327
g	456	654	10	10	0	0	10s	100	1	6327
g	482	640	10	10	0	0	10s	100	1	6327
g	486	662	10	10	0	0	10s	100	1	6327
g	514	671	10	10	0	0	10s	100	1	6327
g	544	668	10	10	0	0	10s	100	1	6327
g	502	654	10	10	0	0	10s	100	1	6327
g	434	558	10	10	0	0	10s	100	1	6327
g	433	510	10	10	0	0	10s	100	1	6327
g	438	472	10	10	0	0	10s	100	1	6327
g	445	448	10	10	0	0	10s	100	1	6327
g	432	412	10	10	0	0	10s	100	1	6327
g	396	384	10	10	0	0	10s	100	1	6327
g	400	422	10	10	0	0	10s	100	1	6327
g	428	352	10	10	0	0	10s	100	1	6327
g	232	512	10	10	0	0	10s	100	1	6327
g	230	494	10	10	0	0	10s	100	1	6327
g	248	456	10	10	0	0	10s	100	1	6327
g	267	474	10	10	0	0	10s	100	1	6327
g	280	486	10	10	0	0	10s	100	1	6327
g	276	508	10	10	0	0	10s	100	1	6327
g	194	432	10	10	0	0	10s	100	1	6327
g	205	462	10	10	0	0	10s	100	1	6327
g	214	486	10	10	0	0	10s	100	1	6327
g	228	560	10	10	0	0	10s	100	1	6328
g	241	542	10	10	0	0	10s	100	1	6328
g	250	510	10	10	0	0	10s	100	1	6328
g	255	484	10	10	0	0	10s	100	1	6328
g	399	436	10	10	0	0	10s	100	1	6328
g	416	429	10	10	0	0	10s	100	1	6328
g	436	430	10	10	0	0	10s	100	1	6328
g	447	466	10	10	0	0	10s	100	1	6328
g	443	495	10	10	0	0	10s	100	1	6328
g	440	515	10	10	0	0	10s	100	1	6328
g	441	538	10	10	0	0	10s	100	1	6328
g	464	640	10	10	0	0	10s	100	1	6328
g	472	663	10	10	0	0	10s	100	1	6328
g	486	652	10	10	0	0	10s	100	1	6328
g	498	674	10	10	0	0	10s	100	1	6328
g	516	661	10	10	0	0	10s	100	1	6328
g	483	334	10	10	0	0	10s	100	1	6328
g	506	323	10	10	0	0	10s	100	1	6328
g	544	320	10	10	0	0	10s	100	1	6328
g	564	327	10	10	0	0	10s	100	1	6328
g	552	336	10	10	0	0	10s	100	1	6328
g	578	336	10	10	0	0	10s	100	1	6328
g	642	226	10	10	0	0	10s	100	1	6328
g	651	206	10	10	0	0	10s	100	1	6328
g	652	178	10	10	0	0	10s	100	1	6328
g	674	176	10	10	0	0	10s	100	1	6328
g	678	254	10	10	0	0	10s	100	1	6328
g	698	228	10	10	0	0	10s	100	1	6328
g	694	214	10	10	0	0	10s	100	1	6328
g	680	202	10	10	0	0	10s	100	1	6328
g	708	184	10	10	0	0	10s	100	1	6328
g	698	160	10	10	0	0	10s	100	1	6328
g	720	150	10	10	0	0	10s	100	1	6328
g	726	178	10	10	0	0	10s	100	1	6328
g	744	194	10	10	0	0	10s	100	1	6328
g	768	212	10	10	0	0	10s	100	1	6328
g	758	225	10	10	0	0	10s	100	1	6328
g	758	244	10	10	0	0	10s	100	1	6328
g	725	224	10	10	0	0	10s	100	1	6328
g	694	224	10	10	0	0	10s	100	1	6328
g	709	210	10	10	0	0	10s	100	1	6328
g	703	263	10	10	0	0	10s	100	1	6328
g	722	272	10	10	0	0	10s	100	1	6328
g	745	316	10	10	0	0	10s	100	1	6328
g	764	340	10	10	0	0	10s	100	1	6328
g	729	164	10	10	0	0	10s	100	1	6328
g	727	134	10	10	0	0	10s	100	1	6328
g	746	146	10	10	0	0	10s	100	1	6328
g	760	171	10	10	0	0	10s	100	1	6328
g	702	126	10	10	0	0	10s	100	1	6328
g	679	140	10	10	0	0	10s	100	1	6328
g	666	152	10	10	0	0	10s	100	1	6328
g	574	170	10	10	0	0	10s	100	1	6328
g	579	189	10	10	0	0	10s	100	1	6328
g	558	197	10	10	0	0	10s	100	1	6328
g	592	228	10	10	0	0	10s	100	1	6328
g	610	182	10	10	0	0	10s	100	1	6328
g	632	212	10	10	0	0	10s	100	1	6328
g	646	174	10	10	0	0	10s	100	1	6328
g	443	242	10	10	0	0	10s	100	1	6326
g	489	229	10	10	0	0	10s	100	1	6326
g	516	218	10	10	0	0	10s	100	1	6327
g	562	216	10	10	0	0	10s	100	1	6327
g	483	305	10	10	0	0	10s	100	1	6327
g	643	277	10	10	0	0	10s	100	1	6327
g	622	257	10	10	0	0	10s	100	1	6327
g	606	227	10	10	0	0	10s	100	1	6327
g	766	318	10	10	0	0	10s	100	1	6327
g	783	225	10	10	0	0	10s	100	1	6327
g	808	216	10	10	0	0	10s	100	1	6327
g	744	224	10	10	0	0	10s	100	1	6329
g	772	234	10	10	0	0	10s	100	1	6329
g	794	223	10	10	0	0	10s	100	1	6329
g	822	215	10	10	0	0	10s	100	1	6329
g	836	216	10	10	0	0	10s	100	1	6329
g	856	208	10	10	0	0	10s	100	1	6329
g	880	210	10	10	0	0	10s	100	1	6329
g	732	296	10	10	0	0	10s	100	1	6329
g	753	329	10	10	0	0	10s	100	1	6329
g	723	252	10	10	0	0	10s	100	1	6329
g	708	293	10	10	0	0	10s	100	1	6329
g	733	330	10	10	0	0	10s	100	1	6329
g	724	312	10	10	0	0	10s	100	1	6329
g	765	358	10	10	0	0	10s	100	1	6329
g	778	380	10	10	0	0	10s	100	1	6329
g	792	357	10	10	0	0	10s	100	1	6329
g	814	364	10	10	0	0	10s	100	1	6329
g	848	374	10	10	0	0	10s	100	1	6329
g	846	396	10	10	0	0	10s	100	1	6329
g	824	418	10	10	0	0	10s	100	1	6329
g	792	382	10	10	0	0	10s	100	1	6329
g	808	396	10	10	0	0	10s	100	1	6329
g	866	394	10	10	0	0	10s	100	1	6329
g	890	385	10	10	0	0	10s	100	1	6329
g	922	202	10	10	0	0	10s	100	1	6329
g	944	197	10	10	0	0	10s	100	1	6329
g	976	196	10	10	0	0	10s	100	1	6329
g	980	178	10	10	0	0	10s	100	1	6329
g	1024	188	10	10	0	0	10s	100	1	6329
g	1000	224	10	10	0	0	10s	100	1	6329
g	990	246	10	10	0	0	10s	100	1	6329
g	1016	274	10	10	0	0	10s	100	1	6329
g	1066	279	10	10	0	0	10s	100	1	6329
g	1088	256	10	10	0	0	10s	100	1	6329
g	1057	217	10	10	0	0	10s	100	1	6329
g	889	354	10	10	0	0	10s	100	1	6329
g	918	338	10	10	0	0	10s	100	1	6329
g	863	359	10	10	0	0	10s	100	1	6329
g	872	379	10	10	0	0	10s	100	1	6329
g	949	360	10	10	0	0	10s	100	1	6329
g	959	324	10	10	0	0	10s	100	1	6329
g	888	206	10	10	0	0	10s	100	1	6330
g	936	203	10	10	0	0	10s	100	1	6330
g	968	189	10	10	0	0	10s	100	1	6330
g	1003	194	10	10	0	0	10s	100	1	6330
g	1024	210	10	10	0	0	10s	100	1	6330
g	985	216	10	10	0	0	10s	100	1	6330
g	990	184	10	10	0	0	10s	100	1	6330
g	1046	222	10	10	0	0	10s	100	1	6330
g	1059	254	10	10	0	0	10s	100	1	6330
g	1044	274	10	10	0	0	10s	100	1	6330
g	1026	288	10	10	0	0	10s	100	1	6330
g	996	280	10	10	0	0	10s	100	1	6330
g	980	298	10	10	0	0	10s	100	1	6330
g	973	322	10	10	0	0	10s	100	1	6330
g	944	345	10	10	0	0	10s	100	1	6330
g	812	378	10	10	0	0	10s	100	1	6330
g	831	376	10	10	0	0	10s	100	1	6330
g	832	408	10	10	0	0	10s	100	1	6330
g	844	416	10	10	0	0	10s	100	1	6330
g	867	405	10	10	0	0	10s	100	1	6330
g	880	366	10	10	0	0	10s	100	1	6330
g	903	384	10	10	0	0	10s	100	1	6330
g	916	401	10	10	0	0	10s	100	1	6330
g	909	374	10	10	0	0	10s	100	1	6330
g	911	344	10	10	0	0	10s	100	1	6330
g	840	364	10	10	0	0	10s	100	1	6330
g	782	347	10	10	0	0	10s	100	1	6330
g	776	365	10	10	0	0	10s	100	1	6330
g	801	370	10	10	0	0	10s	100	1	6330
g	808	408	10	10	0	0	10s	100	1	6330
g	1024	233	10	10	0	0	10s	100	1	6330
g	1040	248	10	10	0	0	10s	100	1	6330
g	1084	289	10	10	0	0	10s	100	1	6330
g	1082	323	10	10	0	0	10s	100	1	6330
g	1109	282	10	10	0	0	10s	100	1	6330
g	1128	286	10	10	0	0	10s	100	1	6330
g	1165	285	10	10	0	0	10s	100	1	6330
g	1188	262	10	10	0	0	10s	100	1	6330
g	1195	294	10	10	0	0	10s	100	1	6330
g	1189	323	10	10	0	0	10s	100	1	6330
g	1080	352	10	10	0	0	10s	100	1	6330
g	1088	382	10	10	0	0	10s	100	1	6330
g	1077	398	10	10	0	0	10s	100	1	6330
g	945	434	10	10	0	0	10s	100	1	6330
g	958	457	10	10	0	0	10s	100	1	6330
g	1000	444	10	10	0	0	10s	100	1	6330
g	992	196	10	10	0	0	10s	100	1	6331
g	999	210	10	10	0	0	10s	100	1	6331
g	984	270	10	10	0	0	10s	100	1	6331
g	1032	270	10	10	0	0	10s	100	1	6331
g	1069	238	10	10	0	0	10s	100	1	6331
g	1034	199	10	10	0	0	10s	100	1	6331
g	1035	234	10	10	0	0	10s	100	1	6331
g	1072	266	10	10	0	0	10s	100	1	6331
g	1053	280	10	10	0	0	10s	100	1	6331
g	926	353	10	10	0	0	10s	100	1	6331
g	904	364	10	10	0	0	10s	100	1	6331
g	820	389	10	10	0	0	10s	100	1	6331
g	855	382	10	10	0	0	10s	100	1	6331
g	894	372	10	10	0	0	10s	100	1	6331
g	877	400	10	10	0	0	10s	100	1	6331
g	928	426	10	10	0	0	10s	100	1	6331
g	924	372	10	10	0	0	10s	100	1	6331
g	936	327	10	10	0	0	10s	100	1	6331
g	950	319	10	10	0	0	10s	100	1	6331
g	978	284	10	10	0	0	10s	100	1	6331
g	1008	262	10	10	0	0	10s	100	1	6331
g	1178	236	10	10	0	0	10s	100	1	6331
g	1164	220	10	10	0	0	10s	100	1	6331
g	1174	202	10	10	0	0	10s	100	1	6331
g	1202	192	10	10	0	0	10s	100	1	6331
g	1218	183	10	10	0	0	10s	100	1	6331
g	1236	188	10	10	0	0	10s	100	1	6331
g	1208	208	10	10	0	0	10s	100	1	6331
g	1208	249	10	10	0	0	10s	100	1	6331
g	1249	249	10	10	0	0	10s	100	1	6331
g	1265	208	10	10	0	0	10s	100	1	6331
g	1297	214	10	10	0	0	10s	100	1	6331
g	1272	258	10	10	0	0	10s	100	1	6331
g	1318	226	10	10	0	0	10s	100	1	6331
g	1338	224	10	10	0	0	10s	100	1	6331
g	1294	270	10	10	0	0	10s	100	1	6331
g	1316	313	10	10	0	0	10s	100	1	6331
g	1366	300	10	10	0	0	10s	100	1	6331
g	1352	248	10	10	0	0	10s	100	1	6331
g	1342	302	10	10	0	0	10s	100	1	6331
g	1350	266	10	10	0	0	10s	100	1	6332
g	1320	294	10	10	0	0	10s	100	1	6332
g	1352	323	10	10	0	0	10s	100	1	6332
g	1345	346	10	10	0	0	10s	100	1	6332
g	1232	233	10	10	0	0	10s	100	1	6332
g	1222	250	10	10	0	0	10s	100	1	6332
g	1252	201	10	10	0	0	10s	100	1	6332
g	1188	210	10	10	0	0	10s	100	1	6332
g	1202	272	10	10	0	0	10s	100	1	6332
g	1176	324	10	10	0	0	10s	100	1	6332
g	1154	363	10	10	0	0	10s	100	1	6332
g	1128	399	10	10	0	0	10s	100	1	6332
g	1066	372	10	10	0	0	10s	100	1	6332
g	1072	338	10	10	0	0	10s	100	1	6332
g	1093	275	10	10	0	0	10s	100	1	6332
g	1229	216	10	10	0	0	10s	100	1	6332
g	1150	423	10	10	0	0	10s	100	1	6332
g	1197	441	10	10	0	0	10s	100	1	6332
g	1215	472	10	10	0	0	10s	100	1	6332
g	1247	437	10	10	0	0	10s	100	1	6332
g	1304	504	10	10	0	0	10s	100	1	6332
g	1304	450	10	10	0	0	10s	100	1	6332
g	1297	410	10	10	0	0	10s	100	1	6332
g	1339	383	10	10	0	0	10s	100	1	6332
g	958	485	10	10	0	0	10s	100	1	6332
g	974	502	10	10	0	0	10s	100	1	6332
g	975	566	10	10	0	0	10s	100	1	6332
g	1007	548	10	10	0	0	10s	100	1	6332
g	1000	504	10	10	0	0	10s	100	1	6332
g	1032	466	10	10	0	0	10s	100	1	6332
g	990	558	10	10	0	0	10s	100	1	6331
g	976	522	10	10	0	0	10s	100	1	6331
g	982	488	10	10	0	0	10s	100	1	6331
g	1018	487	10	10	0	0	10s	100	1	6331
g	1024	456	10	10	0	0	10s	100	1	6331
g	1038	437	10	10	0	0	10s	100	1	6331
g	1052	406	10	10	0	0	10s	100	1	6331
g	1062	416	10	10	0	0	10s	100	1	6331
g	1015	434	10	10	0	0	10s	100	1	6330
g	1012	472	10	10	0	0	10s	100	1	6330
g	1002	530	10	10	0	0	10s	100	1	6330
g	978	538	10	10	0	0	10s	100	1	6330
g	1006	520	10	10	0	0	10s	100	1	6330
g	1004	484	10	10	0	0	10s	100	1	6330
g	980	446	10	10	0	0	10s	100	1	6330
g	1050	424	10	10	0	0	10s	100	1	6330
g	1070	388	10	10	0	0	10s	100	1	6330
g	1102	398	10	10	0	0	10s	100	1	6333
g	1116	413	10	10	0	0	10s	100	1	6333
g	1160	433	10	10	0	0	10s	100	1	6333
g	1184	430	10	10	0	0	10s	100	1	6333
g	1217	438	10	10	0	0	10s	100	1	6333
g	1210	459	10	10	0	0	10s	100	1	6333
g	1238	459	10	10	0	0	10s	100	1	6333
g	1256	487	10	10	0	0	10s	100	1	6333
g	1284	480	10	10	0	0	10s	100	1	6333
g	1266	458	10	10	0	0	10s	100	1	6333
g	1268	432	10	10	0	0	10s	100	1	6333
g	1306	427	10	10	0	0	10s	100	1	6333
g	1319	472	10	10	0	0	10s	100	1	6333
g	1326	454	10	10	0	0	10s	100	1	6333
g	1335	434	10	10	0	0	10s	100	1	6333
g	1366	386	10	10	0	0	10s	100	1	6333
g	1384	372	10	10	0	0	10s	100	1	6333
g	1365	349	10	10	0	0	10s	100	1	6333
g	1314	360	10	10	0	0	10s	100	1	6333
g	1297	378	10	10	0	0	10s	100	1	6333
g	1300	350	10	10	0	0	10s	100	1	6333
g	1334	328	10	10	0	0	10s	100	1	6333
g	1378	278	10	10	0	0	10s	100	1	6333
g	1357	238	10	10	0	0	10s	100	1	6333
g	1340	204	10	10	0	0	10s	100	1	6333
g	1314	204	10	10	0	0	10s	100	1	6333
g	1272	194	10	10	0	0	10s	100	1	6333
g	1276	216	10	10	0	0	10s	100	1	6333
g	1342	282	10	10	0	0	10s	100	1	6333
g	1368	266	10	10	0	0	10s	100	1	6333
g	1322	376	10	10	0	0	10s	100	1	6333
g	1326	356	10	10	0	0	10s	100	1	6334
g	1329	300	10	10	0	0	10s	100	1	6334
g	1344	314	10	10	0	0	10s	100	1	6334
g	1358	285	10	10	0	0	10s	100	1	6334
g	1372	368	10	10	0	0	10s	100	1	6334
g	1340	364	10	10	0	0	10s	100	1	6334
g	1322	400	10	10	0	0	10s	100	1	6334
g	1298	395	10	10	0	0	10s	100	1	6334
g	1282	405	10	10	0	0	10s	100	1	6334
g	1266	422	10	10	0	0	10s	100	1	6334
g	1200	419	10	10	0	0	10s	100	1	6334
g	1238	472	10	10	0	0	10s	100	1	6334
g	1263	474	10	10	0	0	10s	100	1	6334
g	1278	502	10	10	0	0	10s	100	1	6334
g	1296	526	10	10	0	0	10s	100	1	6334
g	1303	478	10	10	0	0	10s	100	1	6334
g	1316	442	10	10	0	0	10s	100	1	6334
g	1274	522	10	10	0	0	10s	100	1	6334
g	1287	516	10	10	0	0	10s	100	1	6334
g	1116	369	10	10	0	0	10s	100	1	6334
g	1134	374	10	10	0	0	10s	100	1	6334
g	1164	336	10	10	0	0	10s	100	1	6334
g	1182	294	10	10	0	0	10s	100	1	6334
g	1148	284	10	10	0	0	10s	100	1	6333
g	1188	278	10	10	0	0	10s	100	1	6333
g	1156	341	10	10	0	0	10s	100	1	6333
g	1098	304	10	10	0	0	10s	100	1	6333
g	1110	261	10	10	0	0	10s	100	1	6333
g	990	534	10	10	0	0	10s	100	1	6333
g	994	492	10	10	0	0	10s	100	1	6333
g	1046	446	10	10	0	0	10s	100	1	6333
g	1128	412	10	10	0	0	10s	100	1	6333
g	1172	425	10	10	0	0	10s	100	1	6333
g	1232	443	10	10	0	0	10s	100	1	6333
g	1224	457	10	10	0	0	10s	100	1	6332
g	1286	424	10	10	0	0	10s	100	1	6332
g	1326	344	10	10	0	0	10s	100	1	6332
g	1326	214	10	10	0	0	10s	100	1	6332
g	1288	202	10	10	0	0	10s	100	1	6333
g	1282	534	10	10	0	0	10s	100	1	6334
g	1289	494	10	10	0	0	10s	100	1	6331
g	1312	485	10	10	0	0	10s	100	1	6331
g	1300	466	10	10	0	0	10s	100	1	6331
g	1306	396	10	10	0	0	10s	100	1	6331
g	1312	378	10	10	0	0	10s	100	1	6331
g	1250	234	10	10	0	0	10s	100	1	6331
g	1190	225	10	10	0	0	10s	100	1	6331
g	1214	230	10	10	0	0	10s	100	1	6331
g	1172	262	10	10	0	0	10s	100	1	6331
g	1174	282	10	10	0	0	10s	100	1	6331
g	1016	188	10	10	0	0	10s	100	1	6331
g	1014	216	10	10	0	0	10s	100	1	6331
g	1037	216	10	10	0	0	10s	100	1	6332
g	1065	228	10	10	0	0	10s	100	1	6332
g	1050	242	10	10	0	0	10s	100	1	6332
g	1086	302	10	10	0	0	10s	100	1	6332
g	1008	300	10	10	0	0	10s	100	1	6332
g	997	298	10	10	0	0	10s	100	1	6332
g	970	310	10	10	0	0	10s	100	1	6332
g	956	347	10	10	0	0	10s	100	1	6332
g	1074	365	10	10	0	0	10s	100	1	6332
g	1109	390	10	10	0	0	10s	100	1	6332
g	1128	388	10	10	0	0	10s	100	1	6332
g	1120	273	10	10	0	0	10s	100	1	6333
g	1340	395	10	10	0	0	10s	100	1	6333
g	1354	384	10	10	0	0	10s	100	1	6333
g	1353	354	10	10	0	0	10s	100	1	6333
g	1342	332	10	10	0	0	10s	100	1	6333
g	1332	314	10	10	0	0	10s	100	1	6333
g	1281	466	10	10	0	0	10s	100	1	6333
g	1250	451	10	10	0	0	10s	100	1	6333
g	1249	472	10	10	0	0	10s	100	1	6333
g	1269	486	10	10	0	0	10s	100	1	6330
g	1238	480	10	10	0	0	10s	100	1	6330
g	1058	433	10	10	0	0	10s	100	1	6330
g	1080	426	10	10	0	0	10s	100	1	6330
g	1086	401	10	10	0	0	10s	100	1	6330
g	1074	413	10	10	0	0	10s	100	1	6330
g	1083	266	10	10	0	0	10s	100	1	6330
g	1030	256	10	10	0	0	10s	100	1	6330
g	988	230	10	10	0	0	10s	100	1	6330
g	1016	206	10	10	0	0	10s	100	1	6330
g	1179	216	10	10	0	0	10s	100	1	6330
g	1188	198	10	10	0	0	10s	100	1	6330
g	1198	208	10	10	0	0	10s	100	1	6330
g	1202	226	10	10	0	0	10s	100	1	6330
g	1222	202	10	10	0	0	10s	100	1	6330
g	1250	218	10	10	0	0	10s	100	1	6330
g	1029	443	10	10	0	0	10s	100	1	6332
g	956	446	10	10	0	0	10s	100	1	6331
g	1018	442	10	10	0	0	10s	100	1	6331
g	1020	464	10	10	0	0	10s	100	1	6331
g	1036	452	10	10	0	0	10s	100	1	6333
g	1047	432	10	10	0	0	10s	100	1	6333
g	958	650	10	10	0	0	10s	100	1	6335
g	967	663	10	10	0	0	10s	100	1	6335
g	952	669	10	10	0	0	10s	100	1	6335
g	938	670	10	10	0	0	10s	100	1	6335
g	925	651	10	10	0	0	10s	100	1	6335
g	900	666	10	10	0	0	10s	100	1	6335
g	888	651	10	10	0	0	10s	100	1	6335
g	876	646	10	10	0	0	10s	100	1	6335
g	858	646	10	10	0	0	10s	100	1	6335
g	820	626	10	10	0	0	10s	100	1	6335
g	802	612	10	10	0	0	10s	100	1	6335
g	800	632	10	10	0	0	10s	100	1	6335
g	816	658	10	10	0	0	10s	100	1	6335
g	810	692	10	10	0	0	10s	100	1	6335
g	824	706	10	10	0	0	10s	100	1	6335
g	845	666	10	10	0	0	10s	100	1	6335
g	844	726	10	10	0	0	10s	100	1	6335
g	858	754	10	10	0	0	10s	100	1	6335
g	882	714	10	10	0	0	10s	100	1	6335
g	910	718	10	10	0	0	10s	100	1	6335
g	928	740	10	10	0	0	10s	100	1	6335
g	956	756	10	10	0	0	10s	100	1	6335
g	960	684	10	10	0	0	10s	100	1	6335
g	962	711	10	10	0	0	10s	100	1	6335
g	971	737	10	10	0	0	10s	100	1	6335
g	975	758	10	10	0	0	10s	100	1	6335
g	960	774	10	10	0	0	10s	100	1	6335
g	956	788	10	10	0	0	10s	100	1	6335
g	1256	631	10	10	0	0	10s	100	1	6335
g	1260	652	10	10	0	0	10s	100	1	6335
g	1240	654	10	10	0	0	10s	100	1	6335
g	1215	654	10	10	0	0	10s	100	1	6335
g	1194	652	10	10	0	0	10s	100	1	6335
g	1184	658	10	10	0	0	10s	100	1	6335
g	1199	682	10	10	0	0	10s	100	1	6335
g	1187	698	10	10	0	0	10s	100	1	6335
g	1186	708	10	10	0	0	10s	100	1	6335
g	1186	726	10	10	0	0	10s	100	1	6335
g	1185	756	10	10	0	0	10s	100	1	6335
g	1259	771	10	10	0	0	10s	100	1	6335
g	1287	752	10	10	0	0	10s	100	1	6335
g	1294	732	10	10	0	0	10s	100	1	6335
g	1280	711	10	10	0	0	10s	100	1	6335
g	1277	688	10	10	0	0	10s	100	1	6335
g	1274	669	10	10	0	0	10s	100	1	6335
g	1297	758	10	10	0	0	10s	100	1	6335
g	1288	806	10	10	0	0	10s	100	1	6335
g	1264	822	10	10	0	0	10s	100	1	6335
g	1246	822	10	10	0	0	10s	100	1	6335
g	1221	813	10	10	0	0	10s	100	1	6335
g	1202	816	10	10	0	0	10s	100	1	6335
g	1185	794	10	10	0	0	10s	100	1	6335
g	1266	760	10	10	0	0	10s	100	1	6336
g	1281	741	10	10	0	0	10s	100	1	6336
g	1288	721	10	10	0	0	10s	100	1	6336
g	1264	670	10	10	0	0	10s	100	1	6336
g	1250	648	10	10	0	0	10s	100	1	6336
g	1226	650	10	10	0	0	10s	100	1	6336
g	1215	664	10	10	0	0	10s	100	1	6336
g	1195	669	10	10	0	0	10s	100	1	6336
g	1184	680	10	10	0	0	10s	100	1	6336
g	1200	695	10	10	0	0	10s	100	1	6336
g	1198	728	10	10	0	0	10s	100	1	6336
g	1168	752	10	10	0	0	10s	100	1	6336
g	1143	768	10	10	0	0	10s	100	1	6336
g	1110	768	10	10	0	0	10s	100	1	6336
g	1078	750	10	10	0	0	10s	100	1	6336
g	1056	728	10	10	0	0	10s	100	1	6336
g	1038	717	10	10	0	0	10s	100	1	6336
g	1004	726	10	10	0	0	10s	100	1	6336
g	974	698	10	10	0	0	10s	100	1	6336
g	971	676	10	10	0	0	10s	100	1	6336
g	936	648	10	10	0	0	10s	100	1	6336
g	822	642	10	10	0	0	10s	100	1	6336
g	850	634	10	10	0	0	10s	100	1	6336
g	858	624	10	10	0	0	10s	100	1	6336
g	828	683	10	10	0	0	10s	100	1	6336
g	846	708	10	10	0	0	10s	100	1	6336
g	872	714	10	10	0	0	10s	100	1	6336
g	885	694	10	10	0	0	10s	100	1	6336
g	842	682	10	10	0	0	10s	100	1	6336
g	814	671	10	10	0	0	10s	100	1	6336
g	809	718	10	10	0	0	10s	100	1	6336
g	821	742	10	10	0	0	10s	100	1	6336
g	844	752	10	10	0	0	10s	100	1	6336
g	860	736	10	10	0	0	10s	100	1	6336
g	886	732	10	10	0	0	10s	100	1	6336
g	914	756	10	10	0	0	10s	100	1	6336
g	904	772	10	10	0	0	10s	100	1	6336
g	867	788	10	10	0	0	10s	100	1	6336
g	852	782	10	10	0	0	10s	100	1	6336
g	830	764	10	10	0	0	10s	100	1	6336
g	890	758	10	10	0	0	10s	100	1	6336
g	900	729	10	10	0	0	10s	100	1	6336
g	907	692	10	10	0	0	10s	100	1	6336
g	916	667	10	10	0	0	10s	100	1	6336
g	928	699	10	10	0	0	10s	100	1	6336
g	947	708	10	10	0	0	10s	100	1	6336
g	950	744	10	10	0	0	10s	100	1	6336
g	995	756	10	10	0	0	10s	100	1	6336
g	1030	750	10	10	0	0	10s	100	1	6336
g	1055	766	10	10	0	0	10s	100	1	6336
g	1070	791	10	10	0	0	10s	100	1	6336
g	1060	746	10	10	0	0	10s	100	1	6336
g	1034	736	10	10	0	0	10s	100	1	6336
g	1012	714	10	10	0	0	10s	100	1	6336
g	1314	738	10	10	0	0	10s	100	1	6336
g	1356	753	10	10	0	0	10s	100	1	6336
g	1344	773	10	10	0	0	10s	100	1	6336
g	1325	792	10	10	0	0	10s	100	1	6336
g	1328	755	10	10	0	0	10s	100	1	6337
g	1314	768	10	10	0	0	10s	100	1	6337
g	1278	781	10	10	0	0	10s	100	1	6337
g	1263	800	10	10	0	0	10s	100	1	6337
g	1250	838	10	10	0	0	10s	100	1	6337
g	1256	862	10	10	0	0	10s	100	1	6337
g	1262	878	10	10	0	0	10s	100	1	6337
g	1264	909	10	10	0	0	10s	100	1	6337
g	1280	916	10	10	0	0	10s	100	1	6337
g	1281	944	10	10	0	0	10s	100	1	6337
g	1308	966	10	10	0	0	10s	100	1	6337
g	1362	961	10	10	0	0	10s	100	1	6337
g	1390	944	10	10	0	0	10s	100	1	6337
g	1362	924	10	10	0	0	10s	100	1	6337
g	1384	902	10	10	0	0	10s	100	1	6337
g	1392	886	10	10	0	0	10s	100	1	6337
g	1395	853	10	10	0	0	10s	100	1	6337
g	1370	844	10	10	0	0	10s	100	1	6337
g	1352	824	10	10	0	0	10s	100	1	6337
g	889	808	10	10	0	0	10s	100	1	6337
g	886	823	10	10	0	0	10s	100	1	6337
g	928	824	10	10	0	0	10s	100	1	6337
g	944	805	10	10	0	0	10s	100	1	6337
g	928	783	10	10	0	0	10s	100	1	6337
g	900	793	10	10	0	0	10s	100	1	6337
g	886	778	10	10	0	0	10s	100	1	6337
g	872	758	10	10	0	0	10s	100	1	6337
g	887	746	10	10	0	0	10s	100	1	6337
g	912	736	10	10	0	0	10s	100	1	6337
g	938	758	10	10	0	0	10s	100	1	6337
g	941	776	10	10	0	0	10s	100	1	6337
g	956	730	10	10	0	0	10s	100	1	6337
g	972	721	10	10	0	0	10s	100	1	6337
g	992	716	10	10	0	0	10s	100	1	6337
g	978	688	10	10	0	0	10s	100	1	6337
g	939	686	10	10	0	0	10s	100	1	6337
g	882	673	10	10	0	0	10s	100	1	6337
g	910	646	10	10	0	0	10s	100	1	6337
g	830	632	10	10	0	0	10s	100	1	6337
g	796	600	10	10	0	0	10s	100	1	6337
g	860	681	10	10	0	0	10s	100	1	6337
g	838	698	10	10	0	0	10s	100	1	6337
g	836	720	10	10	0	0	10s	100	1	6337
g	859	716	10	10	0	0	10s	100	1	6337
g	876	726	10	10	0	0	10s	100	1	6337
g	898	702	10	10	0	0	10s	100	1	6337
g	918	714	10	10	0	0	10s	100	1	6337
g	820	757	10	10	0	0	10s	100	1	6337
g	978	772	10	10	0	0	10s	100	1	6337
g	980	807	10	10	0	0	10s	100	1	6337
g	989	845	10	10	0	0	10s	100	1	6337
g	1022	864	10	10	0	0	10s	100	1	6337
g	972	853	10	10	0	0	10s	100	1	6337
g	954	844	10	10	0	0	10s	100	1	6337
g	952	820	10	10	0	0	10s	100	1	6337
g	967	798	10	10	0	0	10s	100	1	6337
g	1096	796	10	10	0	0	10s	100	1	6337
g	1117	824	10	10	0	0	10s	100	1	6337
g	1114	844	10	10	0	0	10s	100	1	6337
g	1132	819	10	10	0	0	10s	100	1	6337
g	1167	804	10	10	0	0	10s	100	1	6337
g	1141	798	10	10	0	0	10s	100	1	6337
g	1122	788	10	10	0	0	10s	100	1	6337
g	1130	760	10	10	0	0	10s	100	1	6337
g	1087	744	10	10	0	0	10s	100	1	6337
g	1072	733	10	10	0	0	10s	100	1	6337
g	1166	778	10	10	0	0	10s	100	1	6337
g	1202	771	10	10	0	0	10s	100	1	6337
g	1230	789	10	10	0	0	10s	100	1	6337
g	1241	755	10	10	0	0	10s	100	1	6337
g	1205	742	10	10	0	0	10s	100	1	6337
g	1254	814	10	10	0	0	10s	100	1	6337
g	1293	776	10	10	0	0	10s	100	1	6337
g	1281	829	10	10	0	0	10s	100	1	6337
g	1252	849	10	10	0	0	10s	100	1	6337
g	1334	996	10	10	0	0	10s	100	1	6337
g	1364	936	10	10	0	0	10s	100	1	6338
g	1385	920	10	10	0	0	10s	100	1	6338
g	1378	895	10	10	0	0	10s	100	1	6338
g	1378	864	10	10	0	0	10s	100	1	6338
g	1328	985	10	10	0	0	10s	100	1	6338
g	1364	1012	10	10	0	0	10s	100	1	6338
g	1385	1040	10	10	0	0	10s	100	1	6338
g	1416	1022	10	10	0	0	10s	100	1	6338
g	1406	985	10	10	0	0	10s	100	1	6338
g	1390	960	10	10	0	0	10s	100	1	6338
g	1042	854	10	10	0	0	10s	100	1	6338
g	1054	838	10	10	0	0	10s	100	1	6338
g	1077	822	10	10	0	0	10s	100	1	6338
g	1058	800	10	10	0	0	10s	100	1	6338
g	1028	824	10	10	0	0	10s	100	1	6338
g	1016	842	10	10	0	0	10s	100	1	6338
g	1054	894	10	10	0	0	10s	100	1	6338
g	1065	974	10	10	0	0	10s	100	1	6338
g	1082	926	10	10	0	0	10s	100	1	6338
g	1100	902	10	10	0	0	10s	100	1	6338
g	1122	898	10	10	0	0	10s	100	1	6338
g	1110	866	10	10	0	0	10s	100	1	6338
g	1136	894	10	10	0	0	10s	100	1	6338
g	1145	875	10	10	0	0	10s	100	1	6338
g	1165	848	10	10	0	0	10s	100	1	6338
g	1183	886	10	10	0	0	10s	100	1	6338
g	1169	913	10	10	0	0	10s	100	1	6338
g	1119	927	10	10	0	0	10s	100	1	6338
g	1152	848	10	10	0	0	10s	100	1	6338
g	1164	828	10	10	0	0	10s	100	1	6338
g	1154	800	10	10	0	0	10s	100	1	6338
g	1140	784	10	10	0	0	10s	100	1	6338
g	1175	720	10	10	0	0	10s	100	1	6338
g	962	831	10	10	0	0	10s	100	1	6339
g	984	832	10	10	0	0	10s	100	1	6339
g	1003	865	10	10	0	0	10s	100	1	6339
g	1029	852	10	10	0	0	10s	100	1	6339
g	1038	828	10	10	0	0	10s	100	1	6339
g	1068	769	10	10	0	0	10s	100	1	6339
g	1078	804	10	10	0	0	10s	100	1	6339
g	1091	821	10	10	0	0	10s	100	1	6339
g	1106	798	10	10	0	0	10s	100	1	6339
g	1134	804	10	10	0	0	10s	100	1	6339
g	1151	816	10	10	0	0	10s	100	1	6339
g	1186	846	10	10	0	0	10s	100	1	6339
g	1179	864	10	10	0	0	10s	100	1	6339
g	1168	886	10	10	0	0	10s	100	1	6339
g	1186	910	10	10	0	0	10s	100	1	6339
g	1100	882	10	10	0	0	10s	100	1	6339
g	1078	891	10	10	0	0	10s	100	1	6339
g	1027	874	10	10	0	0	10s	100	1	6339
g	1039	895	10	10	0	0	10s	100	1	6339
g	1057	920	10	10	0	0	10s	100	1	6339
g	1074	962	10	10	0	0	10s	100	1	6339
g	1088	940	10	10	0	0	10s	100	1	6339
g	1088	905	10	10	0	0	10s	100	1	6339
g	1138	916	10	10	0	0	10s	100	1	6339
g	1272	894	10	10	0	0	10s	100	1	6339
g	1288	942	10	10	0	0	10s	100	1	6339
g	1312	954	10	10	0	0	10s	100	1	6339
g	1300	974	10	10	0	0	10s	100	1	6339
g	1310	1000	10	10	0	0	10s	100	1	6339
g	1386	1000	10	10	0	0	10s	100	1	6339
g	1397	1030	10	10	0	0	10s	100	1	6339
g	1363	1102	10	10	0	0	10s	100	1	6339
g	1356	1052	10	10	0	0	10s	100	1	6339
g	1315	1048	10	10	0	0	10s	100	1	6339
g	1330	1080	10	10	0	0	10s	100	1	6339
g	1370	1082	10	10	0	0	10s	100	1	6339
g	1380	980	10	10	0	0	10s	100	1	6339
g	1379	944	10	10	0	0	10s	100	1	6339
g	1362	1002	10	10	0	0	10s	100	1	6340
g	1300	1018	10	10	0	0	10s	100	1	6340
g	1302	1054	10	10	0	0	10s	100	1	6340
g	1336	1061	10	10	0	0	10s	100	1	6340
g	1358	1034	10	10	0	0	10s	100	1	6340
g	1392	1018	10	10	0	0	10s	100	1	6340
g	1404	1052	10	10	0	0	10s	100	1	6340
g	1360	1084	10	10	0	0	10s	100	1	6340
g	1402	1008	10	10	0	0	10s	100	1	6340
g	1312	1088	10	10	0	0	10s	100	1	6340
g	1282	1053	10	10	0	0	10s	100	1	6340
g	1381	1074	10	10	0	0	10s	100	1	6340
g	1366	1132	10	10	0	0	10s	100	1	6340
g	1373	1164	10	10	0	0	10s	100	1	6340
g	1394	1194	10	10	0	0	10s	100	1	6340
g	1386	843	10	10	0	0	10s	100	1	6340
g	1362	838	10	10	0	0	10s	100	1	6340
g	1340	801	10	10	0	0	10s	100	1	6340
g	1240	786	10	10	0	0	10s	100	1	6340
g	1274	797	10	10	0	0	10s	100	1	6340
g	1062	848	10	10	0	0	10s	100	1	6340
g	1058	864	10	10	0	0	10s	100	1	6340
g	1049	884	10	10	0	0	10s	100	1	6340
g	1095	849	10	10	0	0	10s	100	1	6340
g	1096	830	10	10	0	0	10s	100	1	6340
g	1135	836	10	10	0	0	10s	100	1	6340
g	1068	908	10	10	0	0	10s	100	1	6340
g	1072	942	10	10	0	0	10s	100	1	6340
g	1070	926	10	10	0	0	10s	100	1	6341
g	1112	908	10	10	0	0	10s	100	1	6341
g	1154	910	10	10	0	0	10s	100	1	6341
g	1154	886	10	10	0	0	10s	100	1	6341
g	1166	860	10	10	0	0	10s	100	1	6341
g	1176	901	10	10	0	0	10s	100	1	6341
g	1378	912	10	10	0	0	10s	100	1	6341
g	1350	958	10	10	0	0	10s	100	1	6341
g	1378	963	10	10	0	0	10s	100	1	6341
g	1370	989	10	10	0	0	10s	100	1	6341
g	1348	1006	10	10	0	0	10s	100	1	6341
g	1339	1040	10	10	0	0	10s	100	1	6341
g	1313	1038	10	10	0	0	10s	100	1	6341
g	1294	1002	10	10	0	0	10s	100	1	6341
g	1399	983	10	10	0	0	10s	100	1	6341
g	1376	1024	10	10	0	0	10s	100	1	6341
g	1386	1056	10	10	0	0	10s	100	1	6341
g	1344	1082	10	10	0	0	10s	100	1	6341
g	1319	1072	10	10	0	0	10s	100	1	6341
g	1328	1048	10	10	0	0	10s	100	1	6341
g	1329	1030	10	10	0	0	10s	100	1	6341
g	1364	1147	10	10	0	0	10s	100	1	6341
g	1381	1184	10	10	0	0	10s	100	1	6341
g	1364	1117	10	10	0	0	10s	100	1	6341
g	1356	1073	10	10	0	0	10s	100	1	6341
g	1367	1038	10	10	0	0	10s	100	1	6341
g	1346	1029	10	10	0	0	10s	100	1	6341
g	1323	1009	10	10	0	0	10s	100	1	6341
g	1303	1030	10	10	0	0	10s	100	1	6341
g	1300	989	10	10	0	0	10s	100	1	6341
g	1371	932	10	10	0	0	10s	100	1	6341
g	1382	878	10	10	0	0	10s	100	1	6341
g	926	678	10	10	0	0	10s	100	1	6337
g	929	720	10	10	0	0	10s	100	1	6337
g	924	760	10	10	0	0	10s	100	1	6337
g	915	806	10	10	0	0	10s	100	1	6337
g	927	798	10	10	0	0	10s	100	1	6337
g	950	770	10	10	0	0	10s	100	1	6337
g	970	748	10	10	0	0	10s	100	1	6337
g	992	738	10	10	0	0	10s	100	1	6337
g	972	710	10	10	0	0	10s	100	1	6337
g	939	733	10	10	0	0	10s	100	1	6337
g	1006	854	10	10	0	0	10s	100	1	6337
g	998	828	10	10	0	0	10s	100	1	6337
g	976	820	10	10	0	0	10s	100	1	6338
g	972	838	10	10	0	0	10s	100	1	6338
g	950	800	10	10	0	0	10s	100	1	6338
g	1186	806	10	10	0	0	10s	100	1	6338
g	1182	826	10	10	0	0	10s	100	1	6338
g	1176	839	10	10	0	0	10s	100	1	6338
g	1178	876	10	10	0	0	10s	100	1	6338
g	1222	800	10	10	0	0	10s	100	1	6338
g	1202	798	10	10	0	0	10s	100	1	6338
g	1208	756	10	10	0	0	10s	100	1	6338
g	1277	764	10	10	0	0	10s	100	1	6338
g	1294	706	10	10	0	0	10s	100	1	6338
g	1174	732	10	10	0	0	10s	100	1	6338
g	1258	897	10	10	0	0	10s	100	1	6338
g	1281	932	10	10	0	0	10s	100	1	6338
g	1373	1048	10	10	0	0	10s	100	1	6338
g	1402	998	10	10	0	0	10s	100	1	6338
g	1400	970	10	10	0	0	10s	100	1	6338
g	1394	931	10	10	0	0	10s	100	1	6338
g	1390	866	10	10	0	0	10s	100	1	6338
g	1088	878	10	10	0	0	10s	100	1	6339
g	1079	914	10	10	0	0	10s	100	1	6339
g	1096	925	10	10	0	0	10s	100	1	6339
g	1081	954	10	10	0	0	10s	100	1	6339
g	916	786	10	10	0	0	10s	100	1	6339
g	902	824	10	10	0	0	10s	100	1	6339
g	876	816	10	10	0	0	10s	100	1	6339
g	859	770	10	10	0	0	10s	100	1	6339
g	902	806	10	10	0	0	10s	100	1	6337
g	900	750	10	10	0	0	10s	100	1	6337
g	865	660	10	10	0	0	10s	100	1	6337
g	886	662	10	10	0	0	10s	100	1	6337
g	640	356	10	10	0	0	10s	100	1	6326
g	663	371	10	10	0	0	10s	100	1	6326
g	653	388	10	10	0	0	10s	100	1	6326
g	669	408	10	10	0	0	10s	100	1	6326
g	683	436	10	10	0	0	10s	100	1	6326
g	667	456	10	10	0	0	10s	100	1	6326
g	646	479	10	10	0	0	10s	100	1	6326
g	622	488	10	10	0	0	10s	100	1	6326
g	629	454	10	10	0	0	10s	100	1	6326
g	637	428	10	10	0	0	10s	100	1	6326
g	643	408	10	10	0	0	10s	100	1	6326
g	657	426	10	10	0	0	10s	100	1	6326
g	708	449	10	10	0	0	10s	100	1	6326
g	732	468	10	10	0	0	10s	100	1	6326
g	754	503	10	10	0	0	10s	100	1	6326
g	735	546	10	10	0	0	10s	100	1	6326
g	726	516	10	10	0	0	10s	100	1	6326
g	701	490	10	10	0	0	10s	100	1	6326
g	692	458	10	10	0	0	10s	100	1	6326
g	614	507	10	10	0	0	10s	100	1	6326
g	646	528	10	10	0	0	10s	100	1	6326
g	680	536	10	10	0	0	10s	100	1	6326
g	680	513	10	10	0	0	10s	100	1	6326
g	666	504	10	10	0	0	10s	100	1	6326
g	634	502	10	10	0	0	10s	100	1	6327
g	659	480	10	10	0	0	10s	100	1	6327
g	630	466	10	10	0	0	10s	100	1	6327
g	660	443	10	10	0	0	10s	100	1	6327
g	679	418	10	10	0	0	10s	100	1	6327
g	668	392	10	10	0	0	10s	100	1	6327
g	656	410	10	10	0	0	10s	100	1	6327
g	671	432	10	10	0	0	10s	100	1	6327
g	680	476	10	10	0	0	10s	100	1	6327
g	696	522	10	10	0	0	10s	100	1	6327
g	738	536	10	10	0	0	10s	100	1	6327
g	757	568	10	10	0	0	10s	100	1	6327
g	745	590	10	10	0	0	10s	100	1	6327
g	716	574	10	10	0	0	10s	100	1	6327
g	762	522	10	10	0	0	10s	100	1	6327
g	786	534	10	10	0	0	10s	100	1	6327
g	799	565	10	10	0	0	10s	100	1	6327
g	770	588	10	10	0	0	10s	100	1	6327
g	790	612	10	10	0	0	10s	100	1	6327
g	800	654	10	10	0	0	10s	100	1	6327
g	810	622	10	10	0	0	10s	100	1	6327
g	768	541	10	10	0	0	10s	100	1	6327
g	748	553	10	10	0	0	10s	100	1	6327
g	708	532	10	10	0	0	10s	100	1	6327
g	728	492	10	10	0	0	10s	100	1	6326
g	750	523	10	10	0	0	10s	100	1	6326
g	774	562	10	10	0	0	10s	100	1	6326
g	736	569	10	10	0	0	10s	100	1	6326
g	795	582	10	10	0	0	10s	100	1	6328
g	818	604	10	10	0	0	10s	100	1	6328
g	836	652	10	10	0	0	10s	100	1	6328
g	810	636	10	10	0	0	10s	100	1	6328
g	788	628	10	10	0	0	10s	100	1	6328
g	768	613	10	10	0	0	10s	100	1	6328
g	754	596	10	10	0	0	10s	100	1	6328
g	782	597	10	10	0	0	10s	100	1	6328
g	784	566	10	10	0	0	10s	100	1	6328
g	630	473	10	10	0	0	10s	100	1	6328
g	624	500	10	10	0	0	10s	100	1	6328
g	620	524	10	10	0	0	10s	100	1	6328
g	655	506	10	10	0	0	10s	100	1	6328
g	660	464	10	10	0	0	10s	100	1	6328
g	646	447	10	10	0	0	10s	100	1	6328
g	649	428	10	10	0	0	10s	100	1	6328
g	640	390	10	10	0	0	10s	100	1	6328
g	650	364	10	10	0	0	10s	100	1	6328
g	663	356	10	10	0	0	10s	100	1	6328
g	680	384	10	10	0	0	10s	100	1	6328
g	696	418	10	10	0	0	10s	100	1	6328
g	691	434	10	10	0	0	10s	100	1	6328
g	714	470	10	10	0	0	10s	100	1	6328
g	684	493	10	10	0	0	10s	100	1	6328
g	676	456	10	10	0	0	10s	100	1	6328
g	712	488	10	10	0	0	10s	100	1	6328
g	715	512	10	10	0	0	10s	100	1	6328
g	720	454	10	10	0	0	10s	100	1	6328
g	701	508	10	10	0	0	10s	100	1	6328
g	693	533	10	10	0	0	10s	100	1	6328
g	716	556	10	10	0	0	10s	100	1	6328
g	719	532	10	10	0	0	10s	100	1	6328
g	743	476	10	10	0	0	10s	100	1	6328
g	766	489	10	10	0	0	10s	100	1	6328
g	774	516	10	10	0	0	10s	100	1	6328
g	737	506	10	10	0	0	10s	100	1	6328
g	1384	1192	10	10	0	0	10s	100	1	6342
g	1382	1206	10	10	0	0	10s	100	1	6342
g	1388	1229	10	10	0	0	10s	100	1	6342
g	1394	1245	10	10	0	0	10s	100	1	6342
g	1400	1268	10	10	0	0	10s	100	1	6342
g	1382	1278	10	10	0	0	10s	100	1	6342
g	1351	1273	10	10	0	0	10s	100	1	6342
g	1346	1252	10	10	0	0	10s	100	1	6342
g	1356	1238	10	10	0	0	10s	100	1	6342
g	1362	1230	10	10	0	0	10s	100	1	6342
g	1351	1218	10	10	0	0	10s	100	1	6342
g	1335	1214	10	10	0	0	10s	100	1	6342
g	1329	1222	10	10	0	0	10s	100	1	6342
g	1315	1224	10	10	0	0	10s	100	1	6342
g	1294	1229	10	10	0	0	10s	100	1	6342
g	1282	1220	10	10	0	0	10s	100	1	6342
g	1278	1204	10	10	0	0	10s	100	1	6342
g	1284	1192	10	10	0	0	10s	100	1	6342
g	1280	1186	10	10	0	0	10s	100	1	6342
g	1254	1164	10	10	0	0	10s	100	1	6342
g	1242	1168	10	10	0	0	10s	100	1	6342
g	1250	1186	10	10	0	0	10s	100	1	6342
g	1266	1196	10	10	0	0	10s	100	1	6342
g	1265	1218	10	10	0	0	10s	100	1	6342
g	1243	1235	10	10	0	0	10s	100	1	6342
g	1276	1244	10	10	0	0	10s	100	1	6342
g	1289	1270	10	10	0	0	10s	100	1	6342
g	1305	1268	10	10	0	0	10s	100	1	6342
g	1306	1247	10	10	0	0	10s	100	1	6342
g	1328	1280	10	10	0	0	10s	100	1	6342
g	1333	1298	10	10	0	0	10s	100	1	6342
g	1340	1298	10	10	0	0	10s	100	1	6342
g	1352	1322	10	10	0	0	10s	100	1	6342
g	1370	1320	10	10	0	0	10s	100	1	6342
g	1392	1320	10	10	0	0	10s	100	1	6342
g	1400	1294	10	10	0	0	10s	100	1	6342
g	1380	1349	10	10	0	0	10s	100	1	6342
g	1375	1371	10	10	0	0	10s	100	1	6342
g	1346	1378	10	10	0	0	10s	100	1	6342
g	1326	1383	10	10	0	0	10s	100	1	6342
g	1316	1359	10	10	0	0	10s	100	1	6342
g	1304	1356	10	10	0	0	10s	100	1	6342
g	1282	1348	10	10	0	0	10s	100	1	6342
g	1274	1330	10	10	0	0	10s	100	1	6342
g	1308	1328	10	10	0	0	10s	100	1	6342
g	1345	1354	10	10	0	0	10s	100	1	6342
g	1348	1340	10	10	0	0	10s	100	1	6342
g	1320	1314	10	10	0	0	10s	100	1	6342
g	723	1376	10	10	0	0	10s	100	1	6342
g	760	1382	10	10	0	0	10s	100	1	6342
g	768	1356	10	10	0	0	10s	100	1	6342
g	796	1339	10	10	0	0	10s	100	1	6342
g	807	1372	10	10	0	0	10s	100	1	6342
g	830	1358	10	10	0	0	10s	100	1	6342
g	858	1344	10	10	0	0	10s	100	1	6342
g	828	1314	10	10	0	0	10s	100	1	6342
g	710	1385	10	10	0	0	10s	100	1	6342
g	688	1396	10	10	0	0	10s	100	1	6342
g	656	1400	10	10	0	0	10s	100	1	6342
g	673	1382	10	10	0	0	10s	100	1	6342
g	931	1394	10	10	0	0	10s	100	1	6342
g	698	894	10	10	0	0	10s	100	1	6342
g	672	922	10	10	0	0	10s	100	1	6342
g	653	950	10	10	0	0	10s	100	1	6342
g	670	980	10	10	0	0	10s	100	1	6342
g	711	994	10	10	0	0	10s	100	1	6342
g	734	960	10	10	0	0	10s	100	1	6342
g	735	924	10	10	0	0	10s	100	1	6342
g	710	961	10	10	0	0	10s	100	1	6342
g	684	959	10	10	0	0	10s	100	1	6342
g	710	916	10	10	0	0	10s	100	1	6342
g	714	1020	10	10	0	0	10s	100	1	6342
g	728	1033	10	10	0	0	10s	100	1	6342
g	728	1046	10	10	0	0	10s	100	1	6342
g	753	1058	10	10	0	0	10s	100	1	6342
g	792	1056	10	10	0	0	10s	100	1	6342
g	822	1048	10	10	0	0	10s	100	1	6342
g	810	1082	10	10	0	0	10s	100	1	6342
g	824	1102	10	10	0	0	10s	100	1	6342
g	832	1118	10	10	0	0	10s	100	1	6342
g	854	1122	10	10	0	0	10s	100	1	6342
g	862	1141	10	10	0	0	10s	100	1	6342
g	1380	1225	10	10	0	0	10s	100	1	6343
g	1376	1252	10	10	0	0	10s	100	1	6343
g	1362	1257	10	10	0	0	10s	100	1	6343
g	1389	1266	10	10	0	0	10s	100	1	6343
g	1392	1279	10	10	0	0	10s	100	1	6343
g	1390	1304	10	10	0	0	10s	100	1	6343
g	1360	1308	10	10	0	0	10s	100	1	6343
g	1343	1312	10	10	0	0	10s	100	1	6343
g	1309	1312	10	10	0	0	10s	100	1	6343
g	1312	1344	10	10	0	0	10s	100	1	6343
g	1329	1354	10	10	0	0	10s	100	1	6343
g	1333	1367	10	10	0	0	10s	100	1	6343
g	1363	1352	10	10	0	0	10s	100	1	6343
g	1372	1334	10	10	0	0	10s	100	1	6343
g	1226	1212	10	10	0	0	10s	100	1	6343
g	1219	1186	10	10	0	0	10s	100	1	6343
g	1210	1152	10	10	0	0	10s	100	1	6343
g	1196	1142	10	10	0	0	10s	100	1	6343
g	1175	1111	10	10	0	0	10s	100	1	6343
g	1158	1101	10	10	0	0	10s	100	1	6343
g	1160	1090	10	10	0	0	10s	100	1	6343
g	1139	1076	10	10	0	0	10s	100	1	6343
g	1114	1072	10	10	0	0	10s	100	1	6343
g	1090	1062	10	10	0	0	10s	100	1	6343
g	1068	1062	10	10	0	0	10s	100	1	6343
g	1216	1222	10	10	0	0	10s	100	1	6343
g	1195	1232	10	10	0	0	10s	100	1	6343
g	1187	1258	10	10	0	0	10s	100	1	6343
g	1198	1280	10	10	0	0	10s	100	1	6343
g	1206	1312	10	10	0	0	10s	100	1	6343
g	1177	1336	10	10	0	0	10s	100	1	6343
g	1195	1334	10	10	0	0	10s	100	1	6344
g	1214	1350	10	10	0	0	10s	100	1	6344
g	1238	1334	10	10	0	0	10s	100	1	6344
g	1254	1318	10	10	0	0	10s	100	1	6344
g	1190	1309	10	10	0	0	10s	100	1	6344
g	1184	1285	10	10	0	0	10s	100	1	6344
g	1160	1270	10	10	0	0	10s	100	1	6344
g	1180	1244	10	10	0	0	10s	100	1	6344
g	1182	1222	10	10	0	0	10s	100	1	6344
g	1197	1210	10	10	0	0	10s	100	1	6344
g	1204	1188	10	10	0	0	10s	100	1	6344
g	1220	1168	10	10	0	0	10s	100	1	6344
g	1233	1188	10	10	0	0	10s	100	1	6344
g	1226	1241	10	10	0	0	10s	100	1	6344
g	1233	1260	10	10	0	0	10s	100	1	6344
g	1221	1278	10	10	0	0	10s	100	1	6344
g	1226	1306	10	10	0	0	10s	100	1	6344
g	1234	1228	10	10	0	0	10s	100	1	6344
g	1258	1232	10	10	0	0	10s	100	1	6344
g	1298	1204	10	10	0	0	10s	100	1	6344
g	1304	1220	10	10	0	0	10s	100	1	6344
g	1294	1248	10	10	0	0	10s	100	1	6344
g	1244	1252	10	10	0	0	10s	100	1	6344
g	1289	1322	10	10	0	0	10s	100	1	6344
g	1377	1266	10	10	0	0	10s	100	1	6344
g	1363	1295	10	10	0	0	10s	100	1	6344
g	1358	1370	10	10	0	0	10s	100	1	6344
g	1402	1343	10	10	0	0	10s	100	1	6344
g	1386	1330	10	10	0	0	10s	100	1	6344
g	1379	1309	10	10	0	0	10s	100	1	6344
g	1328	1264	10	10	0	0	10s	100	1	6344
g	1318	1246	10	10	0	0	10s	100	1	6344
g	1320	1204	10	10	0	0	10s	100	1	6344
g	1310	1192	10	10	0	0	10s	100	1	6344
g	1413	1335	10	10	0	0	10s	100	1	6344
g	1195	1358	10	10	0	0	10s	100	1	6344
g	1162	1358	10	10	0	0	10s	100	1	6344
g	1148	1370	10	10	0	0	10s	100	1	6344
g	1031	1414	10	10	0	0	10s	100	1	6344
g	1035	1396	10	10	0	0	10s	100	1	6344
g	1049	1366	10	10	0	0	10s	100	1	6344
g	1074	1358	10	10	0	0	10s	100	1	6344
g	1092	1370	10	10	0	0	10s	100	1	6344
g	1124	1374	10	10	0	0	10s	100	1	6344
g	1172	1264	10	10	0	0	10s	100	1	6344
g	1137	1260	10	10	0	0	10s	100	1	6344
g	1116	1264	10	10	0	0	10s	100	1	6344
g	1106	1276	10	10	0	0	10s	100	1	6344
g	1088	1283	10	10	0	0	10s	100	1	6344
g	1058	1282	10	10	0	0	10s	100	1	6344
g	1062	1266	10	10	0	0	10s	100	1	6344
g	1044	1240	10	10	0	0	10s	100	1	6344
g	1040	1218	10	10	0	0	10s	100	1	6344
g	1036	1187	10	10	0	0	10s	100	1	6344
g	1124	1073	10	10	0	0	10s	100	1	6344
g	1094	1070	10	10	0	0	10s	100	1	6344
g	1058	1053	10	10	0	0	10s	100	1	6344
g	1033	1053	10	10	0	0	10s	100	1	6344
g	1006	1052	10	10	0	0	10s	100	1	6344
g	1192	1120	10	10	0	0	10s	100	1	6344
g	785	1372	10	10	0	0	10s	100	1	6344
g	798	1354	10	10	0	0	10s	100	1	6344
g	816	1322	10	10	0	0	10s	100	1	6344
g	817	1350	10	10	0	0	10s	100	1	6344
g	829	1370	10	10	0	0	10s	100	1	6344
g	840	1342	10	10	0	0	10s	100	1	6344
g	783	1350	10	10	0	0	10s	100	1	6343
g	771	1368	10	10	0	0	10s	100	1	6343
g	747	1370	10	10	0	0	10s	100	1	6343
g	736	1386	10	10	0	0	10s	100	1	6343
g	693	1381	10	10	0	0	10s	100	1	6343
g	795	1380	10	10	0	0	10s	100	1	6343
g	835	1384	10	10	0	0	10s	100	1	6343
g	848	1352	10	10	0	0	10s	100	1	6343
g	857	1304	10	10	0	0	10s	100	1	6343
g	862	1274	10	10	0	0	10s	100	1	6343
g	690	923	10	10	0	0	10s	100	1	6343
g	666	909	10	10	0	0	10s	100	1	6343
g	717	901	10	10	0	0	10s	100	1	6343
g	732	939	10	10	0	0	10s	100	1	6343
g	716	975	10	10	0	0	10s	100	1	6343
g	712	1010	10	10	0	0	10s	100	1	6343
g	768	1058	10	10	0	0	10s	100	1	6343
g	822	1068	10	10	0	0	10s	100	1	6343
g	809	1052	10	10	0	0	10s	100	1	6344
g	799	1072	10	10	0	0	10s	100	1	6344
g	740	1047	10	10	0	0	10s	100	1	6344
g	693	989	10	10	0	0	10s	100	1	6344
g	698	956	10	10	0	0	10s	100	1	6344
g	1028	1062	10	10	0	0	10s	100	1	6344
g	1025	1082	10	10	0	0	10s	100	1	6344
g	1028	1110	10	10	0	0	10s	100	1	6344
g	1024	1096	10	10	0	0	10s	100	1	6345
g	1031	1130	10	10	0	0	10s	100	1	6345
g	1038	1150	10	10	0	0	10s	100	1	6345
g	1046	1250	10	10	0	0	10s	100	1	6345
g	1074	1276	10	10	0	0	10s	100	1	6345
g	1092	1275	10	10	0	0	10s	100	1	6345
g	1206	1347	10	10	0	0	10s	100	1	6345
g	1178	1352	10	10	0	0	10s	100	1	6345
g	1139	1364	10	10	0	0	10s	100	1	6345
g	1100	1371	10	10	0	0	10s	100	1	6345
g	1054	1378	10	10	0	0	10s	100	1	6345
g	1030	1391	10	10	0	0	10s	100	1	6345
g	1007	1406	10	10	0	0	10s	100	1	6345
g	974	1395	10	10	0	0	10s	100	1	6345
g	913	1382	10	10	0	0	10s	100	1	6345
g	898	1364	10	10	0	0	10s	100	1	6345
g	893	1340	10	10	0	0	10s	100	1	6345
g	859	1328	10	10	0	0	10s	100	1	6345
g	882	1298	10	10	0	0	10s	100	1	6345
g	884	1276	10	10	0	0	10s	100	1	6345
g	878	1232	10	10	0	0	10s	100	1	6345
g	872	1188	10	10	0	0	10s	100	1	6345
g	855	1188	10	10	0	0	10s	100	1	6346
g	861	1226	10	10	0	0	10s	100	1	6346
g	866	1254	10	10	0	0	10s	100	1	6346
g	979	1058	10	10	0	0	10s	100	1	6346
g	958	1074	10	10	0	0	10s	100	1	6346
g	928	1094	10	10	0	0	10s	100	1	6346
g	912	1107	10	10	0	0	10s	100	1	6347
g	884	1131	10	10	0	0	10s	100	1	6347
g	874	1152	10	10	0	0	10s	100	1	6347
g	866	1168	10	10	0	0	10s	100	1	6347
g	814	1094	10	10	0	0	10s	100	1	6347
g	838	1060	10	10	0	0	10s	100	1	6347
g	831	1044	10	10	0	0	10s	100	1	6347
g	810	1066	10	10	0	0	10s	100	1	6347
g	870	1208	10	10	0	0	10s	100	1	6347
g	858	1161	10	10	0	0	10s	100	1	6348
g	854	1217	10	10	0	0	10s	100	1	6348
g	890	1205	10	10	0	0	10s	100	1	6348
g	894	1184	10	10	0	0	10s	100	1	6348
g	880	1155	10	10	0	0	10s	100	1	6348
g	893	1254	10	10	0	0	10s	100	1	6348
g	848	1268	10	10	0	0	10s	100	1	6348
g	844	1294	10	10	0	0	10s	100	1	6348
g	841	1314	10	10	0	0	10s	100	1	6348
g	883	1362	10	10	0	0	10s	100	1	6348
g	924	1413	10	10	0	0	10s	100	1	6348
g	958	1433	10	10	0	0	10s	100	1	6348
g	956	1386	10	10	0	0	10s	100	1	6348
g	921	1367	10	10	0	0	10s	100	1	6347
g	912	1350	10	10	0	0	10s	100	1	6347
g	882	1316	10	10	0	0	10s	100	1	6347
g	878	1348	10	10	0	0	10s	100	1	6347
g	868	1290	10	10	0	0	10s	100	1	6347
g	918	1396	10	10	0	0	10s	100	1	6347
g	952	1426	10	10	0	0	10s	100	1	6347
g	979	1432	10	10	0	0	10s	100	1	6347
g	1005	1432	10	10	0	0	10s	100	1	6347
g	1010	1419	10	10	0	0	10s	100	1	6347
g	1015	1400	10	10	0	0	10s	100	1	6347
g	1070	1390	10	10	0	0	10s	100	1	6347
g	1036	1374	10	10	0	0	10s	100	1	6347
g	1112	1366	10	10	0	0	10s	100	1	6347
g	1076	1372	10	10	0	0	10s	100	1	6347
g	1182	1368	10	10	0	0	10s	100	1	6346
g	1158	1346	10	10	0	0	10s	100	1	6346
g	1176	1316	10	10	0	0	10s	100	1	6346
g	1212	1328	10	10	0	0	10s	100	1	6346
g	1234	1324	10	10	0	0	10s	100	1	6346
g	1240	1309	10	10	0	0	10s	100	1	6346
g	1208	1291	10	10	0	0	10s	100	1	6346
g	1214	1250	10	10	0	0	10s	100	1	6346
g	1212	1236	10	10	0	0	10s	100	1	6346
g	1210	1206	10	10	0	0	10s	100	1	6346
g	1224	1156	10	10	0	0	10s	100	1	6346
g	1154	1086	10	10	0	0	10s	100	1	6346
g	1040	1171	10	10	0	0	10s	100	1	6346
g	1038	1205	10	10	0	0	10s	100	1	6347
g	1028	1049	10	10	0	0	10s	100	1	6347
g	994	1056	10	10	0	0	10s	100	1	6347
g	948	1092	10	10	0	0	10s	100	1	6347
g	932	1083	10	10	0	0	10s	100	1	6347
g	896	1114	10	10	0	0	10s	100	1	6348
g	904	1122	10	10	0	0	10s	100	1	6348
g	870	1130	10	10	0	0	10s	100	1	6348
g	827	1085	10	10	0	0	10s	100	1	6348
g	652	932	10	10	0	0	10s	100	1	6346
g	666	955	10	10	0	0	10s	100	1	6346
g	698	912	10	10	0	0	10s	100	1	6346
g	716	934	10	10	0	0	10s	100	1	6346
g	719	958	10	10	0	0	10s	100	1	6346
g	716	990	10	10	0	0	10s	100	1	6346
g	680	938	10	10	0	0	10s	100	1	6342
g	674	952	10	10	0	0	10s	100	1	6342
g	696	978	10	10	0	0	10s	100	1	6342
g	708	930	10	10	0	0	10s	100	1	6342
g	734	909	10	10	0	0	10s	100	1	6342
g	724	1004	10	10	0	0	10s	100	1	6342
g	717	1031	10	10	0	0	10s	100	1	6342
g	876	1144	10	10	0	0	10s	100	1	6342
g	864	1182	10	10	0	0	10s	100	1	6342
g	877	1206	10	10	0	0	10s	100	1	6342
g	872	1223	10	10	0	0	10s	100	1	6342
g	891	1224	10	10	0	0	10s	100	1	6342
g	900	1288	10	10	0	0	10s	100	1	6342
g	898	1311	10	10	0	0	10s	100	1	6342
g	882	1288	10	10	0	0	10s	100	1	6342
g	848	1287	10	10	0	0	10s	100	1	6342
g	868	1310	10	10	0	0	10s	100	1	6342
g	882	1340	10	10	0	0	10s	100	1	6342
g	950	1398	10	10	0	0	10s	100	1	6342
g	982	1412	10	10	0	0	10s	100	1	6342
g	1004	1393	10	10	0	0	10s	100	1	6342
g	968	1404	10	10	0	0	10s	100	1	6347
g	934	1426	10	10	0	0	10s	100	1	6347
g	934	1381	10	10	0	0	10s	100	1	6347
g	956	1414	10	10	0	0	10s	100	1	6347
g	1026	1406	10	10	0	0	10s	100	1	6342
g	1044	1382	10	10	0	0	10s	100	1	6342
g	988	1396	10	10	0	0	10s	100	1	6342
g	890	1326	10	10	0	0	10s	100	1	6342
g	900	1395	10	10	0	0	10s	100	1	6342
g	916	1428	10	10	0	0	10s	100	1	6342
g	831	1336	10	10	0	0	10s	100	1	6342
g	834	1297	10	10	0	0	10s	100	1	6342
g	876	1244	10	10	0	0	10s	100	1	6342
g	854	1240	10	10	0	0	10s	100	1	6342
g	776	1380	10	10	0	0	10s	100	1	6342
g	250	643	10	10	0	0	10s	100	1	6349
g	230	667	10	10	0	0	10s	100	1	6349
g	213	669	10	10	0	0	10s	100	1	6349
g	213	686	10	10	0	0	10s	100	1	6349
g	202	708	10	10	0	0	10s	100	1	6349
g	206	731	10	10	0	0	10s	100	1	6349
g	233	710	10	10	0	0	10s	100	1	6349
g	250	690	10	10	0	0	10s	100	1	6349
g	262	651	10	10	0	0	10s	100	1	6349
g	260	684	10	10	0	0	10s	100	1	6349
g	282	652	10	10	0	0	10s	100	1	6349
g	308	669	10	10	0	0	10s	100	1	6349
g	290	688	10	10	0	0	10s	100	1	6349
g	315	694	10	10	0	0	10s	100	1	6349
g	329	721	10	10	0	0	10s	100	1	6349
g	326	742	10	10	0	0	10s	100	1	6349
g	348	752	10	10	0	0	10s	100	1	6349
g	358	779	10	10	0	0	10s	100	1	6349
g	355	802	10	10	0	0	10s	100	1	6349
g	373	801	10	10	0	0	10s	100	1	6349
g	372	842	10	10	0	0	10s	100	1	6349
g	367	892	10	10	0	0	10s	100	1	6349
g	300	902	10	10	0	0	10s	100	1	6349
g	266	879	10	10	0	0	10s	100	1	6349
g	280	850	10	10	0	0	10s	100	1	6349
g	229	844	10	10	0	0	10s	100	1	6349
g	198	830	10	10	0	0	10s	100	1	6349
g	182	814	10	10	0	0	10s	100	1	6349
g	192	781	10	10	0	0	10s	100	1	6349
g	190	745	10	10	0	0	10s	100	1	6349
g	217	787	10	10	0	0	10s	100	1	6349
g	230	748	10	10	0	0	10s	100	1	6349
g	525	676	10	10	0	0	10s	100	1	6349
g	552	682	10	10	0	0	10s	100	1	6349
g	587	688	10	10	0	0	10s	100	1	6349
g	618	709	10	10	0	0	10s	100	1	6349
g	584	668	10	10	0	0	10s	100	1	6349
g	596	652	10	10	0	0	10s	100	1	6349
g	578	624	10	10	0	0	10s	100	1	6349
g	599	617	10	10	0	0	10s	100	1	6349
g	569	590	10	10	0	0	10s	100	1	6349
g	632	722	10	10	0	0	10s	100	1	6349
g	246	658	10	10	0	0	10s	100	1	6350
g	249	674	10	10	0	0	10s	100	1	6350
g	294	651	10	10	0	0	10s	100	1	6350
g	280	672	10	10	0	0	10s	100	1	6350
g	302	696	10	10	0	0	10s	100	1	6350
g	334	740	10	10	0	0	10s	100	1	6350
g	346	767	10	10	0	0	10s	100	1	6350
g	214	748	10	10	0	0	10s	100	1	6350
g	225	718	10	10	0	0	10s	100	1	6350
g	192	688	10	10	0	0	10s	100	1	6350
g	189	762	10	10	0	0	10s	100	1	6350
g	228	770	10	10	0	0	10s	100	1	6350
g	228	810	10	10	0	0	10s	100	1	6350
g	198	808	10	10	0	0	10s	100	1	6351
g	210	765	10	10	0	0	10s	100	1	6351
g	195	724	10	10	0	0	10s	100	1	6351
g	212	718	10	10	0	0	10s	100	1	6351
g	226	736	10	10	0	0	10s	100	1	6351
g	222	699	10	10	0	0	10s	100	1	6351
g	238	679	10	10	0	0	10s	100	1	6351
g	269	692	10	10	0	0	10s	100	1	6351
g	266	670	10	10	0	0	10s	100	1	6351
g	294	674	10	10	0	0	10s	100	1	6351
g	312	708	10	10	0	0	10s	100	1	6351
g	338	728	10	10	0	0	10s	100	1	6351
g	336	748	10	10	0	0	10s	100	1	6351
g	358	761	10	10	0	0	10s	100	1	6351
g	352	788	10	10	0	0	10s	100	1	6351
g	364	822	10	10	0	0	10s	100	1	6351
g	352	840	10	10	0	0	10s	100	1	6351
g	348	876	10	10	0	0	10s	100	1	6351
g	328	909	10	10	0	0	10s	100	1	6351
g	344	929	10	10	0	0	10s	100	1	6351
g	318	960	10	10	0	0	10s	100	1	6351
g	292	962	10	10	0	0	10s	100	1	6351
g	266	936	10	10	0	0	10s	100	1	6351
g	261	856	10	10	0	0	10s	100	1	6351
g	208	844	10	10	0	0	10s	100	1	6351
g	221	826	10	10	0	0	10s	100	1	6351
g	210	807	10	10	0	0	10s	100	1	6352
g	189	796	10	10	0	0	10s	100	1	6352
g	220	867	10	10	0	0	10s	100	1	6352
g	217	896	10	10	0	0	10s	100	1	6352
g	210	923	10	10	0	0	10s	100	1	6352
g	252	916	10	10	0	0	10s	100	1	6352
g	252	842	10	10	0	0	10s	100	1	6352
g	249	790	10	10	0	0	10s	100	1	6352
g	262	824	10	10	0	0	10s	100	1	6352
g	246	824	10	10	0	0	10s	100	1	6352
g	302	882	10	10	0	0	10s	100	1	6352
g	333	896	10	10	0	0	10s	100	1	6352
g	365	875	10	10	0	0	10s	100	1	6352
g	392	858	10	10	0	0	10s	100	1	6352
g	402	858	10	10	0	0	10s	100	1	6352
g	420	841	10	10	0	0	10s	100	1	6352
g	424	856	10	10	0	0	10s	100	1	6352
g	452	842	10	10	0	0	10s	100	1	6352
g	478	824	10	10	0	0	10s	100	1	6352
g	510	822	10	10	0	0	10s	100	1	6352
g	396	886	10	10	0	0	10s	100	1	6352
g	402	924	10	10	0	0	10s	100	1	6352
g	389	962	10	10	0	0	10s	100	1	6352
g	366	922	10	10	0	0	10s	100	1	6352
g	344	904	10	10	0	0	10s	100	1	6352
g	353	862	10	10	0	0	10s	100	1	6352
g	333	885	10	10	0	0	10s	100	1	6353
g	310	892	10	10	0	0	10s	100	1	6353
g	284	903	10	10	0	0	10s	100	1	6353
g	286	936	10	10	0	0	10s	100	1	6353
g	270	962	10	10	0	0	10s	100	1	6353
g	220	933	10	10	0	0	10s	100	1	6353
g	222	954	10	10	0	0	10s	100	1	6353
g	205	976	10	10	0	0	10s	100	1	6353
g	196	1000	10	10	0	0	10s	100	1	6353
g	194	1028	10	10	0	0	10s	100	1	6353
g	202	1044	10	10	0	0	10s	100	1	6353
g	242	982	10	10	0	0	10s	100	1	6353
g	262	996	10	10	0	0	10s	100	1	6353
g	242	936	10	10	0	0	10s	100	1	6352
g	240	956	10	10	0	0	10s	100	1	6352
g	219	978	10	10	0	0	10s	100	1	6352
g	220	1002	10	10	0	0	10s	100	1	6352
g	280	984	10	10	0	0	10s	100	1	6353
g	290	1013	10	10	0	0	10s	100	1	6353
g	308	1040	10	10	0	0	10s	100	1	6353
g	299	997	10	10	0	0	10s	100	1	6353
g	310	928	10	10	0	0	10s	100	1	6353
g	329	946	10	10	0	0	10s	100	1	6353
g	360	942	10	10	0	0	10s	100	1	6353
g	334	1005	10	10	0	0	10s	100	1	6353
g	330	1033	10	10	0	0	10s	100	1	6353
g	374	1037	10	10	0	0	10s	100	1	6353
g	400	1017	10	10	0	0	10s	100	1	6353
g	414	966	10	10	0	0	10s	100	1	6353
g	387	922	10	10	0	0	10s	100	1	6353
g	377	948	10	10	0	0	10s	100	1	6353
g	364	974	10	10	0	0	10s	100	1	6353
g	377	984	10	10	0	0	10s	100	1	6353
g	417	1002	10	10	0	0	10s	100	1	6353
g	336	1044	10	10	0	0	10s	100	1	6353
g	330	1083	10	10	0	0	10s	100	1	6353
g	356	1105	10	10	0	0	10s	100	1	6353
g	397	1122	10	10	0	0	10s	100	1	6353
g	182	1064	10	10	0	0	10s	100	1	6353
g	202	1070	10	10	0	0	10s	100	1	6353
g	198	1091	10	10	0	0	10s	100	1	6353
g	175	1107	10	10	0	0	10s	100	1	6353
g	180	1133	10	10	0	0	10s	100	1	6353
g	184	1150	10	10	0	0	10s	100	1	6353
g	178	1081	10	10	0	0	10s	100	1	6354
g	186	1104	10	10	0	0	10s	100	1	6354
g	166	1126	10	10	0	0	10s	100	1	6354
g	174	1157	10	10	0	0	10s	100	1	6354
g	182	1176	10	10	0	0	10s	100	1	6354
g	160	1144	10	10	0	0	10s	100	1	6354
g	152	1168	10	10	0	0	10s	100	1	6354
g	159	1197	10	10	0	0	10s	100	1	6354
g	160	1218	10	10	0	0	10s	100	1	6354
g	162	1240	10	10	0	0	10s	100	1	6354
g	190	1263	10	10	0	0	10s	100	1	6354
g	178	1206	10	10	0	0	10s	100	1	6354
g	191	1298	10	10	0	0	10s	100	1	6354
g	162	1306	10	10	0	0	10s	100	1	6354
g	146	1304	10	10	0	0	10s	100	1	6354
g	157	1272	10	10	0	0	10s	100	1	6354
g	159	1326	10	10	0	0	10s	100	1	6354
g	190	1335	10	10	0	0	10s	100	1	6354
g	229	1368	10	10	0	0	10s	100	1	6354
g	276	1380	10	10	0	0	10s	100	1	6354
g	248	1334	10	10	0	0	10s	100	1	6354
g	211	1300	10	10	0	0	10s	100	1	6354
g	199	1318	10	10	0	0	10s	100	1	6355
g	216	1346	10	10	0	0	10s	100	1	6355
g	221	1384	10	10	0	0	10s	100	1	6355
g	272	1404	10	10	0	0	10s	100	1	6355
g	247	1372	10	10	0	0	10s	100	1	6355
g	236	1326	10	10	0	0	10s	100	1	6355
g	180	1312	10	10	0	0	10s	100	1	6355
g	170	1266	10	10	0	0	10s	100	1	6355
g	190	1235	10	10	0	0	10s	100	1	6355
g	170	1184	10	10	0	0	10s	100	1	6355
g	168	1291	10	10	0	0	10s	100	1	6356
g	215	1330	10	10	0	0	10s	100	1	6356
g	241	1354	10	10	0	0	10s	100	1	6356
g	240	1392	10	10	0	0	10s	100	1	6354
g	290	1402	10	10	0	0	10s	100	1	6354
g	298	1392	10	10	0	0	10s	100	1	6353
g	223	1306	10	10	0	0	10s	100	1	6353
g	213	1366	10	10	0	0	10s	100	1	6353
g	259	1396	10	10	0	0	10s	100	1	6353
g	262	1368	10	10	0	0	10s	100	1	6354
g	257	1384	10	10	0	0	10s	100	1	6355
g	224	1347	10	10	0	0	10s	100	1	6355
g	216	1320	10	10	0	0	10s	100	1	6355
g	199	1288	10	10	0	0	10s	100	1	6355
g	178	1248	10	10	0	0	10s	100	1	6355
g	282	1391	10	10	0	0	10s	100	1	6353
g	254	1352	10	10	0	0	10s	100	1	6353
g	221	1356	10	10	0	0	10s	100	1	6353
g	201	1306	10	10	0	0	10s	100	1	6353
g	158	1252	10	10	0	0	10s	100	1	6353
g	180	1223	10	10	0	0	10s	100	1	6353
g	190	1196	10	10	0	0	10s	100	1	6353
g	146	1189	10	10	0	0	10s	100	1	6353
g	143	1174	10	10	0	0	10s	100	1	6353
g	180	1124	10	10	0	0	10s	100	1	6353
g	186	1044	10	10	0	0	10s	100	1	6353
g	218	1024	10	10	0	0	10s	100	1	6353
g	204	1006	10	10	0	0	10s	100	1	6353
g	223	988	10	10	0	0	10s	100	1	6354
g	231	951	10	10	0	0	10s	100	1	6354
g	205	1016	10	10	0	0	10s	100	1	6354
g	194	1069	10	10	0	0	10s	100	1	6354
g	242	909	10	10	0	0	10s	100	1	6354
g	241	873	10	10	0	0	10s	100	1	6354
g	250	812	10	10	0	0	10s	100	1	6353
g	233	855	10	10	0	0	10s	100	1	6353
g	208	865	10	10	0	0	10s	100	1	6353
g	207	898	10	10	0	0	10s	100	1	6353
g	228	916	10	10	0	0	10s	100	1	6353
g	238	892	10	10	0	0	10s	100	1	6353
g	260	902	10	10	0	0	10s	100	1	6353
g	254	952	10	10	0	0	10s	100	1	6353
g	286	952	10	10	0	0	10s	100	1	6353
g	295	924	10	10	0	0	10s	100	1	6354
g	288	878	10	10	0	0	10s	100	1	6354
g	305	948	10	10	0	0	10s	100	1	6352
g	327	924	10	10	0	0	10s	100	1	6352
g	396	906	10	10	0	0	10s	100	1	6352
g	416	867	10	10	0	0	10s	100	1	6352
g	434	846	10	10	0	0	10s	100	1	6352
g	468	840	10	10	0	0	10s	100	1	6352
g	486	828	10	10	0	0	10s	100	1	6353
g	398	844	10	10	0	0	10s	100	1	6353
g	375	864	10	10	0	0	10s	100	1	6353
g	381	898	10	10	0	0	10s	100	1	6353
g	394	941	10	10	0	0	10s	100	1	6353
g	438	990	10	10	0	0	10s	100	1	6353
g	463	1016	10	10	0	0	10s	100	1	6353
g	461	1034	10	10	0	0	10s	100	1	6353
g	456	1076	10	10	0	0	10s	100	1	6353
g	446	1060	10	10	0	0	10s	100	1	6353
g	382	1041	10	10	0	0	10s	100	1	6353
g	400	1038	10	10	0	0	10s	100	1	6353
g	421	1020	10	10	0	0	10s	100	1	6354
g	346	1046	10	10	0	0	10s	100	1	6354
g	326	1050	10	10	0	0	10s	100	1	6354
g	345	1083	10	10	0	0	10s	100	1	6354
g	348	1106	10	10	0	0	10s	100	1	6354
g	353	1129	10	10	0	0	10s	100	1	6354
g	380	1122	10	10	0	0	10s	100	1	6354
g	398	1094	10	10	0	0	10s	100	1	6354
g	434	1084	10	10	0	0	10s	100	1	6354
g	446	1112	10	10	0	0	10s	100	1	6354
g	435	1136	10	10	0	0	10s	100	1	6354
g	472	1149	10	10	0	0	10s	100	1	6354
g	448	1090	10	10	0	0	10s	100	1	6353
g	426	1109	10	10	0	0	10s	100	1	6353
g	483	1138	10	10	0	0	10s	100	1	6353
g	508	1160	10	10	0	0	10s	100	1	6353
g	513	1108	10	10	0	0	10s	100	1	6353
g	537	1082	10	10	0	0	10s	100	1	6353
g	564	1110	10	10	0	0	10s	100	1	6353
g	578	1146	10	10	0	0	10s	100	1	6353
g	590	1180	10	10	0	0	10s	100	1	6353
g	534	1144	10	10	0	0	10s	100	1	6352
g	544	1105	10	10	0	0	10s	100	1	6352
g	516	1067	10	10	0	0	10s	100	1	6352
g	475	1044	10	10	0	0	10s	100	1	6352
g	481	1017	10	10	0	0	10s	100	1	6352
g	458	1000	10	10	0	0	10s	100	1	6352
g	444	976	10	10	0	0	10s	100	1	6352
g	428	973	10	10	0	0	10s	100	1	6352
g	511	1026	10	10	0	0	10s	100	1	6352
g	538	1058	10	10	0	0	10s	100	1	6352
g	560	1070	10	10	0	0	10s	100	1	6354
g	576	1100	10	10	0	0	10s	100	1	6354
g	588	1140	10	10	0	0	10s	100	1	6354
g	614	1164	10	10	0	0	10s	100	1	6354
g	636	1173	10	10	0	0	10s	100	1	6354
g	651	1162	10	10	0	0	10s	100	1	6353
g	668	1138	10	10	0	0	10s	100	1	6353
g	678	1112	10	10	0	0	10s	100	1	6353
g	678	1085	10	10	0	0	10s	100	1	6353
g	684	1098	10	10	0	0	10s	100	1	6354
g	666	1158	10	10	0	0	10s	100	1	6354
g	644	1200	10	10	0	0	10s	100	1	6354
g	640	1226	10	10	0	0	10s	100	1	6354
g	594	1263	10	10	0	0	10s	100	1	6354
g	580	1230	10	10	0	0	10s	100	1	6355
g	608	1214	10	10	0	0	10s	100	1	6355
g	562	1182	10	10	0	0	10s	100	1	6355
g	594	1158	10	10	0	0	10s	100	1	6355
g	614	1190	10	10	0	0	10s	100	1	6355
g	623	1194	10	10	0	0	10s	100	1	6356
g	614	1233	10	10	0	0	10s	100	1	6356
g	618	1263	10	10	0	0	10s	100	1	6356
g	624	1298	10	10	0	0	10s	100	1	6356
g	594	1274	10	10	0	0	10s	100	1	6356
g	583	1296	10	10	0	0	10s	100	1	6356
g	542	1306	10	10	0	0	10s	100	1	6354
g	526	1338	10	10	0	0	10s	100	1	6354
g	522	1362	10	10	0	0	10s	100	1	6353
g	524	1389	10	10	0	0	10s	100	1	6353
g	574	1398	10	10	0	0	10s	100	1	6353
g	636	1397	10	10	0	0	10s	100	1	6353
g	626	1362	10	10	0	0	10s	100	1	6353
g	650	1327	10	10	0	0	10s	100	1	6353
g	618	1288	10	10	0	0	10s	100	1	6353
g	584	1198	10	10	0	0	10s	100	1	6353
g	588	1232	10	10	0	0	10s	100	1	6353
g	626	1215	10	10	0	0	10s	100	1	6353
g	635	1192	10	10	0	0	10s	100	1	6354
g	631	1156	10	10	0	0	10s	100	1	6354
g	548	1130	10	10	0	0	10s	100	1	6354
g	556	1087	10	10	0	0	10s	100	1	6354
g	511	1091	10	10	0	0	10s	100	1	6354
g	489	1066	10	10	0	0	10s	100	1	6354
g	520	1136	10	10	0	0	10s	100	1	6354
g	520	1168	10	10	0	0	10s	100	1	6354
g	549	1186	10	10	0	0	10s	100	1	6354
g	530	1096	10	10	0	0	10s	100	1	6354
g	527	1120	10	10	0	0	10s	100	1	6354
g	565	1128	10	10	0	0	10s	100	1	6354
g	544	1162	10	10	0	0	10s	100	1	6354
g	576	1208	10	10	0	0	10s	100	1	6354
g	600	1223	10	10	0	0	10s	100	1	6354
g	608	1244	10	10	0	0	10s	100	1	6354
g	604	1268	10	10	0	0	10s	100	1	6354
g	598	1362	10	10	0	0	10s	100	1	6354
g	578	1376	10	10	0	0	10s	100	1	6354
g	380	1393	10	10	0	0	10s	100	1	6354
g	406	1396	10	10	0	0	10s	100	1	6354
g	434	1376	10	10	0	0	10s	100	1	6354
g	424	1396	10	10	0	0	10s	100	1	6355
g	468	1368	10	10	0	0	10s	100	1	6355
g	478	1401	10	10	0	0	10s	100	1	6355
g	445	1393	10	10	0	0	10s	100	1	6355
g	394	1383	10	10	0	0	10s	100	1	6355
g	498	1408	10	10	0	0	10s	100	1	6356
g	547	1399	10	10	0	0	10s	100	1	6356
g	556	1376	10	10	0	0	10s	100	1	6354
g	510	1360	10	10	0	0	10s	100	1	6354
g	482	1360	10	10	0	0	10s	100	1	6354
g	508	1336	10	10	0	0	10s	100	1	6353
g	496	1376	10	10	0	0	10s	100	1	6353
g	506	1397	10	10	0	0	10s	100	1	6353
g	468	1388	10	10	0	0	10s	100	1	6353
g	456	1415	10	10	0	0	10s	100	1	6353
g	486	1415	10	10	0	0	10s	100	1	6353
g	524	1402	10	10	0	0	10s	100	1	6353
g	562	1388	10	10	0	0	10s	100	1	6353
g	459	1374	10	10	0	0	10s	100	1	6353
g	456	1357	10	10	0	0	10s	100	1	6353
g	524	1234	10	10	0	0	10s	100	1	6353
g	520	1185	10	10	0	0	10s	100	1	6353
g	538	1217	10	10	0	0	10s	100	1	6353
g	548	1264	10	10	0	0	10s	100	1	6353
g	543	1236	10	10	0	0	10s	100	1	6354
g	550	1204	10	10	0	0	10s	100	1	6354
g	528	1205	10	10	0	0	10s	100	1	6354
g	553	1288	10	10	0	0	10s	100	1	6352
g	562	1298	10	10	0	0	10s	100	1	6352
g	594	1292	10	10	0	0	10s	100	1	6352
g	569	1272	10	10	0	0	10s	100	1	6352
g	576	1244	10	10	0	0	10s	100	1	6352
g	563	1206	10	10	0	0	10s	100	1	6352
g	535	1178	10	10	0	0	10s	100	1	6352
g	454	1130	10	10	0	0	10s	100	1	6352
g	376	1098	10	10	0	0	10s	100	1	6352
g	421	1090	10	10	0	0	10s	100	1	6354
g	407	1110	10	10	0	0	10s	100	1	6354
g	306	1070	10	10	0	0	10s	100	1	6353
g	310	1022	10	10	0	0	10s	100	1	6353
g	320	1069	10	10	0	0	10s	100	1	6353
g	356	1034	10	10	0	0	10s	100	1	6353
g	389	1030	10	10	0	0	10s	100	1	6353
g	406	1048	10	10	0	0	10s	100	1	6353
g	384	1056	10	10	0	0	10s	100	1	6353
g	462	1054	10	10	0	0	10s	100	1	6354
g	462	1094	10	10	0	0	10s	100	1	6354
g	466	1123	10	10	0	0	10s	100	1	6354
g	474	1162	10	10	0	0	10s	100	1	6354
g	499	1148	10	10	0	0	10s	100	1	6354
g	556	1147	10	10	0	0	10s	100	1	6354
g	565	1139	10	10	0	0	10s	100	1	6355
g	570	1177	10	10	0	0	10s	100	1	6355
g	642	1326	10	10	0	0	10s	100	1	6353
g	642	1360	10	10	0	0	10s	100	1	6353
g	626	1384	10	10	0	0	10s	100	1	6353
g	606	1400	10	10	0	0	10s	100	1	6353
g	605	1382	10	10	0	0	10s	100	1	6352
g	615	1362	10	10	0	0	10s	100	1	6352
g	662	1408	10	10	0	0	10s	100	1	6351
g	676	1393	10	10	0	0	10s	100	1	6351
g	704	1392	10	10	0	0	10s	100	1	6351
g	660	1377	10	10	0	0	10s	100	1	6351
g	639	1346	10	10	0	0	10s	100	1	6351
g	626	1316	10	10	0	0	10s	100	1	6351
g	604	1290	10	10	0	0	10s	100	1	6351
g	630	1270	10	10	0	0	10s	100	1	6351
g	602	1234	10	10	0	0	10s	100	1	6351
g	601	1182	10	10	0	0	10s	100	1	6351
g	588	1386	10	10	0	0	10s	100	1	6351
g	536	1315	10	10	0	0	10s	100	1	6351
g	510	1322	10	10	0	0	10s	100	1	6351
g	486	1394	10	10	0	0	10s	100	1	6351
g	537	1378	10	10	0	0	10s	100	1	6351
g	528	1351	10	10	0	0	10s	100	1	6351
g	534	1397	10	10	0	0	10s	100	1	6351
g	744	1376	10	10	0	0	10s	100	1	6352
g	760	1376	10	10	0	0	10s	100	1	6352
g	706	1377	10	10	0	0	10s	100	1	6353
g	135	1293	10	10	0	0	10s	100	1	6353
g	148	1274	10	10	0	0	10s	100	1	6353
g	158	1288	10	10	0	0	10s	100	1	6353
g	150	1288	10	10	0	0	10s	100	1	6352
g	172	1317	10	10	0	0	10s	100	1	6352
g	186	1287	10	10	0	0	10s	100	1	6352
g	174	1278	10	10	0	0	10s	100	1	6352
g	170	1222	10	10	0	0	10s	100	1	6352
g	170	1199	10	10	0	0	10s	100	1	6354
g	162	1164	10	10	0	0	10s	100	1	6351
g	170	1136	10	10	0	0	10s	100	1	6351
g	176	1094	10	10	0	0	10s	100	1	6352
g	188	1079	10	10	0	0	10s	100	1	6352
g	206	1030	10	10	0	0	10s	100	1	6352
g	226	1282	10	10	0	0	10s	100	1	6354
g	266	1288	10	10	0	0	10s	100	1	6354
g	278	1322	10	10	0	0	10s	100	1	6354
g	274	1356	10	10	0	0	10s	100	1	6354
g	245	1292	10	10	0	0	10s	100	1	6355
g	271	1310	10	10	0	0	10s	100	1	6355
g	268	1338	10	10	0	0	10s	100	1	6355
g	244	1314	10	10	0	0	10s	100	1	6352
g	262	1304	10	10	0	0	10s	100	1	6352
g	298	1369	10	10	0	0	10s	100	1	6352
g	299	1342	10	10	0	0	10s	100	1	6352
g	284	1312	10	10	0	0	10s	100	1	6352
g	288	1352	10	10	0	0	10s	100	1	6353
g	296	1328	10	10	0	0	10s	100	1	6353
g	310	1353	10	10	0	0	10s	100	1	6353
g	309	1376	10	10	0	0	10s	100	1	6353
g	250	1272	10	10	0	0	10s	100	1	6353
g	238	1240	10	10	0	0	10s	100	1	6353
g	224	1218	10	10	0	0	10s	100	1	6353
g	216	1190	10	10	0	0	10s	100	1	6353
g	207	1154	10	10	0	0	10s	100	1	6353
g	198	1128	10	10	0	0	10s	100	1	6353
g	194	1165	10	10	0	0	10s	100	1	6353
g	205	1175	10	10	0	0	10s	100	1	6351
g	208	1200	10	10	0	0	10s	100	1	6351
g	201	1236	10	10	0	0	10s	100	1	6351
g	220	1252	10	10	0	0	10s	100	1	6351
g	236	1274	10	10	0	0	10s	100	1	6351
g	240	1258	10	10	0	0	10s	100	1	6352
g	218	1231	10	10	0	0	10s	100	1	6352
g	199	1209	10	10	0	0	10s	100	1	6352
g	222	1150	10	10	0	0	10s	100	1	6352
g	225	1118	10	10	0	0	10s	100	1	6352
g	223	1094	10	10	0	0	10s	100	1	6352
g	212	1064	10	10	0	0	10s	100	1	6352
g	210	1104	10	10	0	0	10s	100	1	6354
g	217	1129	10	10	0	0	10s	100	1	6352
g	220	1078	10	10	0	0	10s	100	1	6353
g	225	1064	10	10	0	0	10s	100	1	6353
g	236	1006	10	10	0	0	10s	100	1	6351
g	254	1014	10	10	0	0	10s	100	1	6351
g	257	972	10	10	0	0	10s	100	1	6351
g	290	1046	10	10	0	0	10s	100	1	6351
g	273	1017	10	10	0	0	10s	100	1	6351
g	280	1034	10	10	0	0	10s	100	1	6353
g	279	1000	10	10	0	0	10s	100	1	6352
g	320	1098	10	10	0	0	10s	100	1	6352
g	244	756	10	10	0	0	10s	100	1	6351
g	244	774	10	10	0	0	10s	100	1	6351
g	230	794	10	10	0	0	10s	100	1	6351
g	236	830	10	10	0	0	10s	100	1	6351
g	236	760	10	10	0	0	10s	100	1	6350
g	210	782	10	10	0	0	10s	100	1	6352
g	204	753	10	10	0	0	10s	100	1	6352
g	236	728	10	10	0	0	10s	100	1	6352
g	275	838	10	10	0	0	10s	100	1	6352
g	188	830	10	10	0	0	10s	100	1	6352
g	282	691	10	10	0	0	10s	100	1	6352
g	320	682	10	10	0	0	10s	100	1	6352
g	331	695	10	10	0	0	10s	100	1	6352
g	321	729	10	10	0	0	10s	100	1	6352
g	378	788	10	10	0	0	10s	100	1	6352
g	462	833	10	10	0	0	10s	100	1	6351
g	480	834	10	10	0	0	10s	100	1	6351
g	498	824	10	10	0	0	10s	100	1	6352
g	524	818	10	10	0	0	10s	100	1	6352
g	553	828	10	10	0	0	10s	100	1	6352
g	578	836	10	10	0	0	10s	100	1	6352
g	604	832	10	10	0	0	10s	100	1	6352
g	616	848	10	10	0	0	10s	100	1	6352
g	636	824	10	10	0	0	10s	100	1	6352
g	663	822	10	10	0	0	10s	100	1	6352
g	682	807	10	10	0	0	10s	100	1	6351
g	666	776	10	10	0	0	10s	100	1	6351
g	690	792	10	10	0	0	10s	100	1	6351
g	645	836	10	10	0	0	10s	100	1	6351
g	668	802	10	10	0	0	10s	100	1	6350
g	623	836	10	10	0	0	10s	100	1	6350
g	584	832	10	10	0	0	10s	100	1	6350
g	544	813	10	10	0	0	10s	100	1	6350
g	658	768	10	10	0	0	10s	100	1	6350
g	642	737	10	10	0	0	10s	100	1	6350
g	564	692	10	10	0	0	10s	100	1	6349
g	596	676	10	10	0	0	10s	100	1	6349
g	578	682	10	10	0	0	10s	100	1	6352
g	606	700	10	10	0	0	10s	100	1	6352
g	647	752	10	10	0	0	10s	100	1	6352
g	680	782	10	10	0	0	10s	100	1	6352
g	694	808	10	10	0	0	10s	100	1	6352
g	674	824	10	10	0	0	10s	100	1	6352
g	653	822	10	10	0	0	10s	100	1	6351
g	670	761	10	10	0	0	10s	100	1	6351
g	653	747	10	10	0	0	10s	100	1	6351
g	588	638	10	10	0	0	10s	100	1	6351
g	582	606	10	10	0	0	10s	100	1	6351
g	566	600	10	10	0	0	10s	100	1	6351
g	476	652	10	10	0	0	10s	100	1	6351
g	536	690	10	10	0	0	10s	100	1	6351
g	552	702	10	10	0	0	10s	100	1	6351
g	491	692	10	10	0	0	10s	100	1	6351
g	473	680	10	10	0	0	10s	100	1	6352
g	514	682	10	10	0	0	10s	100	1	6352
g	530	652	10	10	0	0	10s	100	1	6352
g	559	665	10	10	0	0	10s	100	1	6352
g	578	650	10	10	0	0	10s	100	1	6352
g	596	596	10	10	0	0	10s	100	1	6352
g	625	706	10	10	0	0	10s	100	1	6352
g	660	752	10	10	0	0	10s	100	1	6352
