g	77	66	10	10	0	0	1m	100	1	2058
g	101	51	10	10	0	0	1m	100	1	2058
g	44	37	10	10	0	0	1m	100	1	2058
g	69	66	10	10	0	0	1m	100	1	2058
g	86	40	10	10	0	0	1m	100	1	2058
g	61	50	10	10	0	0	1m	100	1	2058
g	54	54	10	10	0	0	1m	100	1	2058
g	99	64	10	10	0	0	1m	100	1	2058
g	110	64	10	10	0	0	1m	100	1	2058
g	121	66	10	10	0	0	1m	100	1	2058
g	131	66	10	10	0	0	1m	100	1	2058
g	141	70	10	10	0	0	1m	100	1	2058
g	146	70	10	10	0	0	1m	100	1	2058
g	149	70	10	10	0	0	1m	100	1	2058
g	164	70	10	10	0	0	1m	100	1	2058
g	159	59	10	10	0	0	1m	100	1	2058
g	150	44	10	10	0	0	1m	100	1	2058
g	139	44	10	10	0	0	1m	100	1	2058
g	139	46	10	10	0	0	1m	100	1	2058
g	149	59	10	10	0	0	1m	100	1	2058
g	191	76	10	10	0	0	1m	100	1	2058
g	200	79	10	10	0	0	1m	100	1	2058
g	219	87	10	10	0	0	1m	100	1	2058
g	226	89	10	10	0	0	1m	100	1	2058
g	250	93	10	10	0	0	1m	100	1	2058
g	264	93	10	10	0	0	1m	100	1	2058
g	273	93	10	10	0	0	1m	100	1	2058
g	273	91	10	10	0	0	1m	100	1	2058
g	264	79	10	10	0	0	1m	100	1	2058
g	247	74	10	10	0	0	1m	100	1	2058
g	237	71	10	10	0	0	1m	100	1	2058
g	223	69	10	10	0	0	1m	100	1	2058
g	207	66	10	10	0	0	1m	100	1	2058
g	181	63	10	10	0	0	1m	100	1	2058
g	80	54	10	10	0	0	1m	100	1	2058
g	121	46	10	10	0	0	1m	100	1	2058
g	273	89	10	10	0	0	1m	100	1	2058
g	280	93	10	10	0	0	1m	100	1	2058
g	283	113	10	10	0	0	1m	100	1	2058
g	274	123	10	10	0	0	1m	100	1	2058
g	271	129	10	10	0	0	1m	100	1	2058
g	275	125	10	10	0	0	1m	100	1	2058
g	278	98	10	10	0	0	1m	100	1	2058
g	273	165	10	10	0	0	1m	100	1	2058
g	273	158	10	10	0	0	1m	100	1	2058
g	271	135	10	10	0	0	1m	100	1	2058
g	275	189	10	10	0	0	1m	100	1	2058
g	275	200	10	10	0	0	1m	100	1	2058
g	275	211	10	10	0	0	1m	100	1	2058
g	275	231	10	10	0	0	1m	100	1	2058
g	275	245	10	10	0	0	1m	100	1	2058
g	271	273	10	10	0	0	1m	100	1	2058
g	255	289	10	10	0	0	1m	100	1	2058
g	245	296	10	10	0	0	1m	100	1	2058
g	233	307	10	10	0	0	1m	100	1	2058
g	231	324	10	10	0	0	1m	100	1	2058
g	249	316	10	10	0	0	1m	100	1	2058
g	260	305	10	10	0	0	1m	100	1	2058
g	269	295	10	10	0	0	1m	100	1	2058
g	267	265	10	10	0	0	1m	100	1	2058
g	267	253	10	10	0	0	1m	100	1	2058
g	209	325	10	10	0	0	1m	100	1	2058
g	209	315	10	10	0	0	1m	100	1	2058
g	209	314	10	10	0	0	1m	100	1	2058
g	192	289	10	10	0	0	1m	100	1	2058
g	182	288	10	10	0	0	1m	100	1	2058
g	169	302	10	10	0	0	1m	100	1	2058
g	165	308	10	10	0	0	1m	100	1	2058
g	155	320	10	10	0	0	1m	100	1	2058
g	148	335	10	10	0	0	1m	100	1	2058
g	143	349	10	10	0	0	1m	100	1	2058
g	142	355	10	10	0	0	1m	100	1	2058
g	202	306	10	10	0	0	1m	100	1	2058
g	178	303	10	10	0	0	1m	100	1	2058
g	155	315	10	10	0	0	1m	100	1	2058
g	138	343	10	10	0	0	1m	100	1	2058
g	188	297	10	10	0	0	1m	100	1	2058
g	228	295	10	10	0	0	1m	100	1	2058
g	275	265	10	10	0	0	1m	100	1	2058
g	174	440	10	10	0	0	1m	100	1	2058
g	174	440	10	10	0	0	1m	100	1	2058
g	162	429	10	10	0	0	1m	100	1	2058
g	152	420	10	10	0	0	1m	100	1	2058
g	148	414	10	10	0	0	1m	100	1	2058
g	143	408	10	10	0	0	1m	100	1	2058
g	140	397	10	10	0	0	1m	100	1	2058
g	134	372	10	10	0	0	1m	100	1	2058
g	134	355	10	10	0	0	1m	100	1	2058
g	134	338	10	10	0	0	1m	100	1	2058
g	134	332	10	10	0	0	1m	100	1	2058
g	142	323	10	10	0	0	1m	100	1	2058
g	155	300	10	10	0	0	1m	100	1	2058
g	191	435	10	10	0	0	1m	100	1	2058
g	191	440	10	10	0	0	1m	100	1	2058
g	194	448	10	10	0	0	1m	100	1	2058
g	202	448	10	10	0	0	1m	100	1	2058
g	220	442	10	10	0	0	1m	100	1	2058
g	237	434	10	10	0	0	1m	100	1	2058
g	240	434	10	10	0	0	1m	100	1	2058
g	252	440	10	10	0	0	1m	100	1	2058
g	254	440	10	10	0	0	1m	100	1	2058
g	274	449	10	10	0	0	1m	100	1	2058
g	305	443	10	10	0	0	1m	100	1	2058
g	308	442	10	10	0	0	1m	100	1	2058
g	309	442	10	10	0	0	1m	100	1	2058
g	342	446	10	10	0	0	1m	100	1	2058
g	389	457	10	10	0	0	1m	100	1	2058
g	389	457	10	10	0	0	1m	100	1	2058
g	420	480	10	10	0	0	1m	100	1	2058
g	437	480	10	10	0	0	1m	100	1	2058
g	435	466	10	10	0	0	1m	100	1	2058
g	434	466	10	10	0	0	1m	100	1	2058
g	420	462	10	10	0	0	1m	100	1	2058
g	342	435	10	10	0	0	1m	100	1	2058
g	326	432	10	10	0	0	1m	100	1	2058
g	315	434	10	10	0	0	1m	100	1	2058
g	286	432	10	10	0	0	1m	100	1	2058
g	274	431	10	10	0	0	1m	100	1	2058
g	248	429	10	10	0	0	1m	100	1	2058
g	218	434	10	10	0	0	1m	100	1	2058
g	211	435	10	10	0	0	1m	100	1	2058
g	342	449	10	10	0	0	1m	100	1	2058
g	342	449	10	10	0	0	1m	100	1	2058
g	363	448	10	10	0	0	1m	100	1	2058
g	369	448	10	10	0	0	1m	100	1	2058
g	368	435	10	10	0	0	1m	100	1	2058
g	368	435	10	10	0	0	1m	100	1	2058
g	383	455	10	10	0	0	1m	100	1	2058
g	386	463	10	10	0	0	1m	100	1	2058
g	394	472	10	10	0	0	1m	100	1	2058
g	394	472	10	10	0	0	1m	100	1	2058
g	394	463	10	10	0	0	1m	100	1	2058
g	391	443	10	10	0	0	1m	100	1	2058
g	386	435	10	10	0	0	1m	100	1	2058
g	382	432	10	10	0	0	1m	100	1	2058
g	402	466	10	10	0	0	1m	100	1	2058
g	417	488	10	10	0	0	1m	100	1	2058
g	417	475	10	10	0	0	1m	100	1	2058
g	412	466	10	10	0	0	1m	100	1	2058
g	402	446	10	10	0	0	1m	100	1	2058
g	398	443	10	10	0	0	1m	100	1	2058
g	429	502	10	10	0	0	1m	100	1	2058
g	429	502	10	10	0	0	1m	100	1	2058
g	422	525	10	10	0	0	1m	100	1	2058
g	418	508	10	10	0	0	1m	100	1	2058
g	417	488	10	10	0	0	1m	100	1	2058
g	437	478	10	10	0	0	1m	100	1	2058
g	440	489	10	10	0	0	1m	100	1	2058
g	440	491	10	10	0	0	1m	100	1	2058
g	438	505	10	10	0	0	1m	100	1	2058
g	437	522	10	10	0	0	1m	100	1	2058
g	428	538	10	10	0	0	1m	100	1	2058
g	414	546	10	10	0	0	1m	100	1	2058
g	408	555	10	10	0	0	1m	100	1	2058
g	400	563	10	10	0	0	1m	100	1	2058
g	363	583	10	10	0	0	1m	100	1	2058
g	357	578	10	10	0	0	1m	100	1	2058
g	354	577	10	10	0	0	1m	100	1	2058
g	375	577	10	10	0	0	1m	100	1	2058
g	391	572	10	10	0	0	1m	100	1	2058
g	395	571	10	10	0	0	1m	100	1	2058
g	448	489	10	10	0	0	1m	100	1	2058
g	448	494	10	10	0	0	1m	100	1	2058
g	446	506	10	10	0	0	1m	100	1	2058
g	446	512	10	10	0	0	1m	100	1	2058
g	445	515	10	10	0	0	1m	100	1	2058
g	337	575	10	10	0	0	1m	100	1	2058
g	337	575	10	10	0	0	1m	100	1	2058
g	315	580	10	10	0	0	1m	100	1	2058
g	314	580	10	10	0	0	1m	100	1	2058
g	303	580	10	10	0	0	1m	100	1	2058
g	277	574	10	10	0	0	1m	100	1	2058
g	260	566	10	10	0	0	1m	100	1	2058
g	251	562	10	10	0	0	1m	100	1	2058
g	237	566	10	10	0	0	1m	100	1	2058
g	237	566	10	10	0	0	1m	100	1	2058
g	225	565	10	10	0	0	1m	100	1	2058
g	214	568	10	10	0	0	1m	100	1	2058
g	203	585	10	10	0	0	1m	100	1	2058
g	200	592	10	10	0	0	1m	100	1	2058
g	202	602	10	10	0	0	1m	100	1	2058
g	206	608	10	10	0	0	1m	100	1	2058
g	217	591	10	10	0	0	1m	100	1	2058
g	235	572	10	10	0	0	1m	100	1	2058
g	246	568	10	10	0	0	1m	100	1	2058
g	249	572	10	10	0	0	1m	100	1	2058
g	242	598	10	10	0	0	1m	100	1	2058
g	231	606	10	10	0	0	1m	100	1	2058
g	212	628	10	10	0	0	1m	100	1	2058
g	205	642	10	10	0	0	1m	100	1	2058
g	198	654	10	10	0	0	1m	100	1	2058
g	198	663	10	10	0	0	1m	100	1	2058
g	198	675	10	10	0	0	1m	100	1	2058
g	197	685	10	10	0	0	1m	100	1	2058
g	195	702	10	10	0	0	1m	100	1	2058
g	195	709	10	10	0	0	1m	100	1	2058
g	195	714	10	10	0	0	1m	100	1	2058
g	195	726	10	10	0	0	1m	100	1	2058
g	194	768	10	10	0	0	1m	100	1	2058
g	194	778	10	10	0	0	1m	100	1	2058
g	195	797	10	10	0	0	1m	100	1	2058
g	198	814	10	10	0	0	1m	100	1	2058
g	200	837	10	10	0	0	1m	100	1	2058
g	203	852	10	10	0	0	1m	100	1	2058
g	200	874	10	10	0	0	1m	100	1	2058
g	180	891	10	10	0	0	1m	100	1	2058
g	177	878	10	10	0	0	1m	100	1	2058
g	178	866	10	10	0	0	1m	100	1	2058
g	180	863	10	10	0	0	1m	100	1	2058
g	180	862	10	10	0	0	1m	100	1	2058
g	189	832	10	10	0	0	1m	100	1	2058
g	189	832	10	10	0	0	1m	100	1	2058
g	189	832	10	10	0	0	1m	100	1	2058
g	175	863	10	10	0	0	1m	100	1	2058
g	202	849	10	10	0	0	1m	100	1	2058
g	206	828	10	10	0	0	1m	100	1	2058
g	206	825	10	10	0	0	1m	100	1	2058
g	202	811	10	10	0	0	1m	100	1	2058
g	191	777	10	10	0	0	1m	100	1	2058
g	203	614	10	10	0	0	1m	100	1	2058
g	212	591	10	10	0	0	1m	100	1	2058
g	235	569	10	10	0	0	1m	100	1	2058
g	242	568	10	10	0	0	1m	100	1	2058
g	217	560	10	10	0	0	1m	100	1	2058
g	222	586	10	10	0	0	1m	100	1	2058
g	225	585	10	10	0	0	1m	100	1	2058
g	234	572	10	10	0	0	1m	100	1	2058
g	232	568	10	10	0	0	1m	100	1	2058
g	209	571	10	10	0	0	1m	100	1	2058
g	217	574	10	10	0	0	1m	100	1	2058
g	215	555	10	10	0	0	1m	100	1	2058
g	203	575	10	10	0	0	1m	100	1	2058
g	202	585	10	10	0	0	1m	100	1	2058
g	218	591	10	10	0	0	1m	100	1	2058
g	225	574	10	10	0	0	1m	100	1	2058
g	262	885	10	10	0	0	1m	100	1	2058
g	262	885	10	10	0	0	1m	100	1	2058
g	253	875	10	10	0	0	1m	100	1	2058
g	230	867	10	10	0	0	1m	100	1	2058
g	220	870	10	10	0	0	1m	100	1	2058
g	212	872	10	10	0	0	1m	100	1	2058
g	207	877	10	10	0	0	1m	100	1	2058
g	200	888	10	10	0	0	1m	100	1	2058
g	243	878	10	10	0	0	1m	100	1	2058
g	263	878	10	10	0	0	1m	100	1	2058
g	263	878	10	10	0	0	1m	100	1	2058
g	275	888	10	10	0	0	1m	100	1	2058
g	255	882	10	10	0	0	1m	100	1	2058
g	253	882	10	10	0	0	1m	100	1	2058
g	235	880	10	10	0	0	1m	100	1	2058
g	287	885	10	10	0	0	1m	100	1	2058
g	345	882	10	10	0	0	1m	100	1	2058
g	532	675	10	10	0	0	1m	100	1	2058
g	532	673	10	10	0	0	1m	100	1	2058
g	513	668	10	10	0	0	1m	100	1	2058
g	492	673	10	10	0	0	1m	100	1	2058
g	482	677	10	10	0	0	1m	100	1	2058
g	482	687	10	10	0	0	1m	100	1	2058
g	490	697	10	10	0	0	1m	100	1	2058
g	498	692	10	10	0	0	1m	100	1	2058
g	505	690	10	10	0	0	1m	100	1	2058
g	522	680	10	10	0	0	1m	100	1	2058
g	523	673	10	10	0	0	1m	100	1	2058
g	523	673	10	10	0	0	1m	100	1	2058
g	503	678	10	10	0	0	1m	100	1	2058
g	502	680	10	10	0	0	1m	100	1	2058
g	495	683	10	10	0	0	1m	100	1	2058
g	482	677	10	10	0	0	1m	100	1	2058
g	483	667	10	10	0	0	1m	100	1	2058
g	498	670	10	10	0	0	1m	100	1	2058
g	515	673	10	10	0	0	1m	100	1	2058
g	488	715	10	10	0	0	1m	100	1	2058
g	482	730	10	10	0	0	1m	100	1	2058
g	482	738	10	10	0	0	1m	100	1	2058
g	482	757	10	10	0	0	1m	100	1	2058
g	477	792	10	10	0	0	1m	100	1	2058
g	475	808	10	10	0	0	1m	100	1	2058
g	475	825	10	10	0	0	1m	100	1	2058
g	473	843	10	10	0	0	1m	100	1	2058
g	468	868	10	10	0	0	1m	100	1	2058
g	457	890	10	10	0	0	1m	100	1	2058
g	457	890	10	10	0	0	1m	100	1	2058
g	445	890	10	10	0	0	1m	100	1	2058
g	418	887	10	10	0	0	1m	100	1	2058
g	410	887	10	10	0	0	1m	100	1	2058
g	403	885	10	10	0	0	1m	100	1	2058
g	392	885	10	10	0	0	1m	100	1	2058
g	368	882	10	10	0	0	1m	100	1	2058
g	355	880	10	10	0	0	1m	100	1	2058
g	328	880	10	10	0	0	1m	100	1	2058
g	307	880	10	10	0	0	1m	100	1	2058
g	287	885	10	10	0	0	1m	100	1	2058
g	765	760	10	10	0	0	1m	100	1	2058
g	765	760	10	10	0	0	1m	100	1	2058
g	762	740	10	10	0	0	1m	100	1	2058
g	760	730	10	10	0	0	1m	100	1	2058
g	757	717	10	10	0	0	1m	100	1	2058
g	755	710	10	10	0	0	1m	100	1	2058
g	748	698	10	10	0	0	1m	100	1	2058
g	742	688	10	10	0	0	1m	100	1	2058
g	740	688	10	10	0	0	1m	100	1	2058
g	712	687	10	10	0	0	1m	100	1	2058
g	693	687	10	10	0	0	1m	100	1	2058
g	677	685	10	10	0	0	1m	100	1	2058
g	660	687	10	10	0	0	1m	100	1	2058
g	640	687	10	10	0	0	1m	100	1	2058
g	603	685	10	10	0	0	1m	100	1	2058
g	565	685	10	10	0	0	1m	100	1	2058
g	555	683	10	10	0	0	1m	100	1	2058
g	543	677	10	10	0	0	1m	100	1	2058
g	527	658	10	10	0	0	1m	100	1	2058
g	527	658	10	10	0	0	1m	100	1	2058
g	593	672	10	10	0	0	1m	100	1	2058
g	593	670	10	10	0	0	1m	100	1	2058
g	640	675	10	10	0	0	1m	100	1	2058
g	640	675	10	10	0	0	1m	100	1	2058
g	698	673	10	10	0	0	1m	100	1	2058
g	708	673	10	10	0	0	1m	100	1	2058
g	725	675	10	10	0	0	1m	100	1	2058
g	748	678	10	10	0	0	1m	100	1	2058
g	760	687	10	10	0	0	1m	100	1	2058
g	767	712	10	10	0	0	1m	100	1	2058
g	770	742	10	10	0	0	1m	100	1	2058
g	775	767	10	10	0	0	1m	100	1	2058
g	777	790	10	10	0	0	1m	100	1	2058
g	783	810	10	10	0	0	1m	100	1	2058
g	785	812	10	10	0	0	1m	100	1	2058
g	802	807	10	10	0	0	1m	100	1	2058
g	807	803	10	10	0	0	1m	100	1	2058
g	810	803	10	10	0	0	1m	100	1	2058
g	777	793	10	10	0	0	1m	100	1	2058
g	773	792	10	10	0	0	1m	100	1	2058
g	750	777	10	10	0	0	1m	100	1	2058
g	942	812	10	10	0	0	1m	100	1	2058
g	942	806	10	10	0	0	1m	100	1	2058
g	940	800	10	10	0	0	1m	100	1	2058
g	916	808	10	10	0	0	1m	100	1	2058
g	912	808	10	10	0	0	1m	100	1	2058
g	914	820	10	10	0	0	1m	100	1	2058
g	928	838	10	10	0	0	1m	100	1	2058
g	932	838	10	10	0	0	1m	100	1	2058
g	942	838	10	10	0	0	1m	100	1	2058
g	950	814	10	10	0	0	1m	100	1	2058
g	950	810	10	10	0	0	1m	100	1	2058
g	926	820	10	10	0	0	1m	100	1	2058
g	894	816	10	10	0	0	1m	100	1	2058
g	866	812	10	10	0	0	1m	100	1	2058
g	858	810	10	10	0	0	1m	100	1	2058
g	836	802	10	10	0	0	1m	100	1	2058
g	832	802	10	10	0	0	1m	100	1	2058
g	800	790	10	10	0	0	1m	100	1	2058
g	794	786	10	10	0	0	1m	100	1	2058
g	812	794	10	10	0	0	1m	100	1	2058
g	820	798	10	10	0	0	1m	100	1	2058
g	830	798	10	10	0	0	1m	100	1	2058
g	868	804	10	10	0	0	1m	100	1	2058
g	872	806	10	10	0	0	1m	100	1	2058
g	756	794	10	10	0	0	1m	100	1	2058
g	764	736	10	10	0	0	1m	100	1	2058
g	784	708	10	10	0	0	1m	100	1	2058
g	772	690	10	10	0	0	1m	100	1	2058
g	754	676	10	10	0	0	1m	100	1	2058
g	722	672	10	10	0	0	1m	100	1	2058
g	662	668	10	10	0	0	1m	100	1	2058
g	622	674	10	10	0	0	1m	100	1	2058
g	494	652	10	10	0	0	1m	100	1	2058
g	472	776	10	10	0	0	1m	100	1	2058
