Group	Lykos
{
	Mob	191
	Type	drop
	1	38056	5	40
	2	38051	2	400
	3	38057	1	15
	4	50130	3	50
	5	25040	1	400
	6	38052	1	15
	7	50126	1	400
}
Group	Scrofa
{
	Mob	192
	Type	drop
	1	38056	5	40
	2	38051	2	400
	3	38057	1	15
	4	50130	3	50
	5	25040	1	400
	6	38052	1	15
	7	50126	1	400
}
Group	Bera
{
	Mob	193
	Type	drop
	1	38056	5	40
	2	38051	2	400
	3	38057	1	15
	4	50130	3	50
	5	25040	1	400
	6	38052	1	15
	7	50126	1	400
}
Group	Tigris
{
	Mob	194
	Type	drop
	1	38056	5	40
	2	38051	2	400
	3	38057	1	15
	4	50130	3	50
	5	25040	1	400
	6	38052	1	15
	7	50126	1	400
}
Group	FuenferMetin
{
	Mob	8001
	Type	limit
	level_limit_start	1																																																																													
	level_limit_end 15	
	1	38054	1	50
	2	25040	1	15
	3	38051	1	100
	4	27799	1	70
}
Group	ZehnerMetin
{
	Mob	8002
	Type	limit
	level_limit_start	1																																																																													
	level_limit_end 20	
	1	38054	1	50
	2	25040	1	15
	3	38051	1	100
	4	27799	1	70
}
Group	FuenfzehnerMetin
{
	Mob	8003
	Type	limit
	level_limit_start	1																																																																													
	level_limit_end 30	
	1	38054	1	50
	2	25040	1	15
	3	38051	1	100
	4	27799	1	70
}
Group	ZwanzigerMetin
{
	Mob	8004
	Type	limit
	level_limit_start	1																																																																													
	level_limit_end 30	
	1	38054	1	50
	2	25040	1	90
	3	38051	1	100
	4	27799	1	70
}
Group	FuenfundzwanzigerMetin
{
	Mob	8005
	Type	limit
	level_limit_start	1																																																																													
	level_limit_end 40	
	1	38054	1	50
	2	25040	1	90
	3	38051	1	100
	4	27799	2	50
	5	27987	1	50
	6	44824	1	90
	7	38056	1	75
}
Group	DreissigerMetin
{
	Mob	8006
	Type	limit
	level_limit_start	1																																																																													
	level_limit_end 40	
	1	38054	1	50
	2	25040	1	90
	3	38051	1	60
	4	27799	1	80
	5	27987	1	50
	6	38056	1	60
	7	44824	1	90
}
Group	FuenfunddreisigerMetin
{
	Mob	8007
	Type	limit
	level_limit_start	1																																																																													
	level_limit_end 45	
	1	38054	1	50
	2	25040	1	90
	3	38051	1	100
	4	27799	2	85
	5	50130	1	10
	6	27987	1	50
	7	38056	1	55
	8	44824	1	90
}
Group	VierzigerMetin
{
	Mob	8008
	Type	limit
	level_limit_start	1																																																																													
	level_limit_end 55	
	1	38054	1	50
	2	25040	1	90
	3	38051	1	100
	4	27799	2	85
	5	50130	1	10
	6	27987	1	50
	7	38056	1	80
	8	82290	1	100
	9	44824	1	90
}
Group	FuenundvierzigerMetin
{
	Mob	8009
	Type	limit
	level_limit_start	1																																																																													
	level_limit_end 60	
	1	38054	1	50
	2	25040	1	90
	3	50513	1	12
	4	70102	1	10
	5	38051	1	60
	6	27799	1	90
	7	15145	1	1
	8	50130	1	10
	9	82290	1	100
	10	27987	1	50
	11	38056	1	80
	12	44824	1	90
}
Group	FuenfzigerMetin
{
	Mob	8010
	Type	limit
	level_limit_start	1																																																																													
	level_limit_end 70	
	1	38054	1	50
	2	25040	1	90
	3	50513	1	15
	4	70102	1	12
	5	38051	1	60
	6	11262	1	10
	7	11462	1	10
	8	11662	1	10
	9	11862	1	10
	10	14145	1	10
	11	16145	1	10
	12	17145	1	10
	13	15145	1	10
	14	50130	1	10
	15	27987	1	50
	16	82290	1	100
	17	38056	1	80
	18	82120	1	45
	19	44824	1	90
}
Group	FuenundfuenfzigerMetin
{
	Mob	8011
	Type	limit
	level_limit_start	1																																																																													
	level_limit_end 70	
	1	38054	1	50
	2	25040	2	90
	3	50513	1	10
	4	70102	1	15
	5	38051	1	65
	6	11262	1	10
	7	11462	1	10
	8	11662	1	10
	9	11862	1	10
	10	14166	1	8
	11	16166	1	8
	12	17166	1	8
	13	15166	1	8
	14	50130	1	10
	15	27987	3	12
	16	82120	1	45	
	17	82290	1	100
	18	44824	1	90
}
Group	SechzigerMetin
{
	Mob	8012
	Type	limit
	level_limit_start	1																																																																													
	level_limit_end 70	
	1	38054	1	50
	2	25040	2	90
	3	50513	1	12
	4	70102	1	18
	5	38051	1	400
	6	11272	1	10
	7	11472	1	10
	8	11672	1	10
	9	11872	1	10
	10	14165	1	10
	11	16165	1	10
	12	17165	1	10
	13	15165	1	10
	14	50130	1	10
	15	27987	3	12
	16	82120	2	45	
	17	82290	1	100
	18	44824	1	80
}
Group	FuenfundsechzigerMetin
{
	Mob	8013
	Type	limit
	level_limit_start	1																																																																													
	level_limit_end 75	
	1	38054	1	50
	2	25040	2	90
	3	50513	1	15
	4	70102	1	20
	5	38051	1	400
	6	11272	1	10
	7	11472	1	10
	8	11672	1	10
	9	11872	1	10
	10	14185	1	8
	11	16185	1	8
	12	17185	1	8
	13	15185	1	8
	14	50130	1	10
	15	27987	1	8
	16	82120	2	45
	17	82290	1	100
	18	44824	1	80
}
Group	SiebzigerMetin
{
	Mob	8014
	Type	limit
	level_limit_start	1																																																																													
	level_limit_end 90	
	1	38054	1	50
	2	25040	2	90
	3	50513	1	13
	4	70102	1	21
	5	38051	1	400
	6	11272	1	10
	7	11472	1	10
	8	11672	1	10
	9	11872	1	10
	10	14186	1	8
	11	16186	1	8
	12	17186	1	8
	13	15186	1	8
	14	50130	1	10
	15	27987	1	8
	16	82120	3	45
	17	82290	1	100
	18	44824	1	80
}
Group	FuenfundsiebzigerMetin
{
	Mob	8024
	Type	limit
	level_limit_start	1																																																																													
	level_limit_end 90	
	1	38054	1	50
	2	25040	2	90
	3	50513	1	18
	4	70102	1	25
	5	38052	1	8
	6	38051	2	400
	7	11282	1	8
	8	11482	1	8
	9	11682	1	8
	10	11882	1	8
	11	14187	1	10
	12	16187	1	10
	13	17187	1	10
	14	15187	1	10
	15	50130	1	10
	16	27987	1	8
	17	82121	1	45
	18	82290	1	100
	19	44824	1	75
}
Group	AchzigerMetin
{
	Mob	8025
	Type	limit
	level_limit_start	1																																																																													
	level_limit_end 90	
	1	38054	1	50
	2	25040	2	90
	3	50513	1	15
	4	70102	1	35
	5	38052	1	8
	6	38051	2	400
	7	11282	1	8
	8	11482	1	8
	9	11682	1	8
	10	11882	1	8
	11	14200	1	10
	12	16200	1	10
	13	17200	1	10
	14	15200	1	10
	15	50130	1	10
	16	27987	1	8
	17	82121	1	60
	18	82290	1	100
	19	44824	1	75
}
Group	FuenfundachzigerMetin
{
	Mob	8026
	Type	limit
	level_limit_start	1																																																																													
	level_limit_end 105	
	1	38054	1	50
	2	25040	2	90
	3	50513	1	21
	4	70102	2	50
	5	38052	1	8
	6	38057	1	8
	7	38051	2	400
	8	71015	1	5
	9	71016	1	5
	10	27987	4	400
	11	13060	1	5
	12	13080	1	5
	13	13100	1	5
	14	13120	1	5
	15	140	1	5
	16	150	1	5
	17	160	1	8
	18	240	1	8
	19	1100	1	5
	20	2130	1	8
	21	2140	1	5
	22	3130	1	5
	23	3140	1	8
	24	5090	1	8
	25	5100	1	5
	26	7130	1	8
	27	7140	1	5
	28	11284	1	2
	29	11484	1	2
	30	11684	1	2
	31	11884	1	2
	32	14205	1	5
	33	16205	1	5
	34	17205	1	5
	35	15205	1	5
	36	50621	1	8
	37	50130	1	10
	38	37274	1	8
	39	82121	1	55
	40	82290	1	100
	41	44824	1	85
}
Group	NeunzigerMetin
{
	Mob	8027
	Type	limit
	level_limit_start	1																																																																													
	level_limit_end 105	
	1	38054	1	50
	2	25040	2	90
	3	50513	1	21
	4	70102	2	80
	5	38052	1	8
	6	38057	1	8
	7	38051	2	400
	8	71015	1	5
	9	71016	1	5
	10	27987	5	400
	11	13065	1	5
	12	13085	1	5
	13	13105	1	5
	14	13125	1	5
	15	146	1	5
	16	156	1	5
	17	166	1	10
	18	246	1	10
	19	1106	1	5
	20	1116	1	10
	21	2136	1	10
	22	2146	1	5
	23	3136	1	5
	24	3146	1	10
	25	5096	1	10
	26	5106	1	5
	27	7136	1	10
	28	7146	1	5
	29	11296	1	0.5
	30	11496	1	0.5
	31	11696	1	0.5
	32	11896	1	0.5
	33	14206	1	3
	34	16206	1	3
	35	17206	1	3
	36	15206	1	3
	37	50621	1	10
	38	50130	1	10
	39	37274	2	10
	40	82121	1	85
	41	82290	1	100
	42	44824	1	95
}
Group	BrutalerHauptmann
{
	Mob	591
	Type	drop
	1	27799	5	400
	2	38051	2	400
	3	27987	1	400
	4	27987	1	400
	5	27987	1	400
	6	38054	3	50
	7	30168	1	20
	8	50621	1	25
	9	50130	1	10
	10	63720	1	8
}
Group	Affenlord
{
	Mob	5163
	Type	drop
	1	27799	5	400
	2	38051	2	400
	3	27987	5	400
	4	38054	5	70
	5	50621	1	40
	6	50130	1	10
	7	55401	1	45
	8	55009	1	35
	9	63720	1	8
}
Group	Felsenaffe
{
	Mob	5161
	Type	drop
	1	27799	3	400
	2	38051	1	400
	3	27987	3	400
	4	38054	3	200
	5	50621	1	25
	6	50130	1	10
	7	55009	1	35
	8	63720	1	8
}
Group	GehenderAffe
{
	Mob	5162
	Type	drop
	1	27799	3	400
	2	38051	2	400
	3	27987	3	400
	4	38054	3	200
	5	50621	1	30
	6	50130	1	10
	7	55009	1	35
}
Group	BrutalerSoldat
{
	Mob	531
	Type	drop
	1	50130	1	10
}
Group	BrutalerBesessener
{
	Mob	532
	Type	drop
	1	50130	1	10
}
Group	BrutalerBogenschuetze
{
	Mob	533
	Type	drop
	1	50130	1	10
}
Group	BrutalerSpezialist
{
	Mob	534
	Type	drop
	1	50130	1	10
}
Group	Oberork
{
	Mob	691
	Type	drop
	1	50070	1	400
	2	50513	1	400
	3	25040	2	30
	4	25040	1	50
	5	70102	1	400
	6	70102	1	200
	7	38052	1	50
	8	38051	2	400
	9	30006	2	50
	10	30168	1	30
	11	27799	2	400
	12	82137	1	30
	13	82132	1	30
	14	85001	1	7
	15	85005	1	7
	16	50621	1	30
	17	50130	1	30
	18	55009	1	38
	19	63720	1	18
	20	72220	1	10
	21	27987	5	80
}
Group	DunklerOberork
{
	Mob	692
	Type	drop
	1	30006	1	55
	2	50513	1	400
	3	27987	5	400
	4	85001	1	7
	5	85005	1	7
	6	50621	1	40
	7	50130	1	50
	8	55009	1	39
	9	63720	1	12
}
Group	GeisterOrkFuehrer
{
	Mob	693
	Type	drop
	1	70102	5	65
	2	30006	1	65
	3	50513	1	400
	4	27987	5	400
	5	71015	1	15
	6	71016	1	15
	7	13160	1	25
	8	82137	1	30
	9	82132	1	30
	10	85001	1	7
	11	85005	1	7
	12	50621	1	40
	13	50130	1	75
	14	55009	1	40
	15	63720	1	15
}
Group	SteinOrk
{
	Mob	694
	Type	drop
	1	50513	1	400
	2	70102	5	70
	3	30168	1	30
	4	18000	1	35
	5	13160	1	35
	6	82137	1	30
	7	82132	1	30
	8	85001	1	7
	9	85005	1	7
	10	50621	1	65
	11	50130	1	400
	12	55009	1	40
	13	63720	1	30
	14	27987	5	80
}
Group	DunklerGeistAnfuehrer
{
	Mob	792
	Type	drop
	1	50072	1	400
	2	50513	1	400
	3	25040	3	60
	4	70102	2	60
	5	38052	1	50
	6	38051	2	50
	7	30168	1	75
	8	11274	1	30
	9	11474	1	30
	10	11674	1	30
	11	11874	1	30
	12	30047	1	50
	13	30047	1	50
	14	82137	1	30
	15	82132	1	30
	16	85001	1	7
	17	85005	1	7
	18	50621	1	30
	19	50130	1	30
	20	55009	1	42
	21	82127	1	50
	22	63720	1	8
	23	72220	1	10
	24	27987	5	80
}
Group	DunklerAnfuhrer
{
	Mob	791
	Type	drop
	1	50071	1	400
	2	50513	1	40
	3	25040	3	60
}
Group	Koenigsspinne
{
	Mob	2091
	Type	drop
	1	50073	1	400
	2	50513	1	400
	3	25040	2	60
	4	25040	1	60
	5	70102	1	400
	6	70102	1	50
	7	38052	1	50
	8	38051	2	50
	9	30168	1	30
	10	11264	1	30
	11	11464	1	30
	12	11664	1	30
	13	11864	1	30
	14	82137	1	30
	15	82132	1	30
	16	85001	1	7
	17	85005	1	7
	18	50621	1	30
	19	50130	1	30
	20	55009	1	45
	21	82127	1	60
	22	63720	1	12
	23	72220	1	10
	24	71095	1	400
	25	27987	5	400
}
Group	DunkleKoenigsspinne
{
	Mob	2093
	Type	drop
	1	50073	1	400
	2	50513	2	400
	3	25040	5	85
	4	25041	1	35
	5	70102	5	400
	6	70102	1	50
	7	38052	1	50
	8	38051	2	50
	9	30168	1	35
	10	11266	1	35
	11	11466	1	35
	12	11666	1	35
	13	11866	1	35
	14	82137	1	35
	15	82132	1	35
	16	85001	1	10
	17	85005	1	10
	18	13160	1	45
	19	50621	1	45
	20	50130	1	60
	21	55009	1	45
	22	82127	1	60
	23	63720	1	19
	24	72220	1	10
	25	27987	5	400
}
Group	Wuestenschildkroete
{
	Mob	2191
	Type	drop
	1	50076	1	400
	2	50513	1	400
	3	25040	2	85
	4	25040	1	25
	5	70102	1	400
	6	70102	1	200
	7	38052	1	50
	8	38051	2	50
	9	30168	1	30
	10	11264	1	30
	11	11464	1	30
	12	11664	1	30
	13	11864	1	30
	14	82137	1	30
	15	82132	1	30
	16	85001	1	7
	17	85005	1	7
	18	50621	1	30
	19	50130	1	30
	20	55009	1	45
	21	82127	1	50
	22	63720	1	45
	23	72220	1	10
	24	27987	5	400
}
Group	Neunschwnz
{
	Mob	1901
	Type	drop
	1	50077	1	400
	2	50513	1	400
	3	25040	2	70
	4	25040	1	60
	5	70102	1	400
	6	70102	1	200
	7	38052	1	50
	8	38051	2	50
	9	30168	1	30
	10	30050	2	40
	11	11274	1	30
	12	11474	1	30
	13	11674	1	30
	14	11874	1	30
	15	82137	1	30
	16	82132	1	30
	17	85001	1	7
	18	85005	1	7
	19	50621	1	35
	20	50130	1	30
	21	55009	1	45
	22	82127	1	50
	23	63720	1	15
	24	72220	1	10
	25	27987	5	400
}
Group	Flammenkoenig
{
	Mob	2206
	Type	drop
	1	50079	1	400
	2	50513	1	400
	3	25040	2	40
	4	25040	1	50
	5	70102	1	400
	6	70102	1	200
	7	38052	1	50
	8	38051	2	50
	9	30168	1	30
	10	11274	1	30
	11	11474	1	30
	12	11674	1	30
	13	11874	1	30
	14	82137	1	30
	15	82132	1	30
	16	85001	1	7
	17	85005	1	7
	18	50621	1	35
	19	50130	1	30
	20	55009	1	45
	21	82127	1	50
	22	63720	1	15
	23	72220	1	10
	24	27987	5	400
}
Group	GelberTigergeist
{
	Mob	1304
	Type	drop
	1	50078	1	400
	2	50513	1	400
	3	25040	2	50
	4	25040	1	50
	5	70102	1	400
	6	70102	1	200
	7	38052	1	50
	8	38051	2	50
	9	30168	1	75
	10	11284	1	30
	11	11484	1	30
	12	11684	1	30
	13	11884	1	30
	14	82137	1	30
	15	82132	1	30
	16	85001	1	7
	17	85005	1	7
	18	50621	1	35
	19	50130	1	30
	20	55009	1	45
	21	82127	1	50
	22	63720	1	15
	23	72220	1	10
	24	27987	5	400
}
Group	Daemonenkoenig
{
	Mob	1091
	Type	drop
	1	50513	1	400
	2	25040	2	64
	3	25040	1	64
	4	70102	2	70
	5	38051	1	400
	6	11280	1	15
	7	11480	1	15
	8	11680	1	15
	9	11880	1	15
	10	82137	1	15
	11	82132	1	15
	12	85001	1	7
	13	85005	1	7
	14	50621	1	35
	15	50130	1	30
	16	82127	1	50
	17	63720	1	15
	18	72220	1	10
	19	27987	5	50
}
Group	StolzerDaemonenkoenig
{
	Mob	1092
	Type	drop
	1	50513	1	400
	2	25040	2	53
	3	25040	1	53
	4	70102	2	70
	5	38051	1	400
	6	50081	1	400
	7	11284	1	30
	8	11484	1	30
	9	11684	1	30
	10	11884	1	30
	11	140	1	10
	12	150	1	10
	13	160	1	10
	14	240	1	10
	15	1100	1	10
	16	1110	1	10
	17	2130	1	10
	18	2140	1	10
	19	3130	1	10
	20	3140	1	10
	21	5090	1	10
	22	5100	1	10
	23	7130	1	10
	24	7140	1	10
	25	82137	1	30
	26	82132	1	30
	27	85001	1	7
	28	85005	1	7
	29	50621	1	45
	30	50130	1	30
	31	82127	1	50
	32	63720	1	15
	33	72220	1	10
	24	27987	5	80
}
Group	Sensenmann
{
	Mob	1093
	Type	drop
	1	50082	1	400
	2	50513	1	400
	3	25040	5	400
	4	25041	1	30
	5	70102	5	400
	6	27992	1	50
	7	27993	1	50
	8	27994	1	50
	9	13067	1	15
	10	13087	1	15
	11	13107	1	15
	12	13127	1	15
	13	38052	3	50
	14	38051	2	50
	15	30168	1	75
	16	14204	1	20
	17	16204	1	20
	18	17204	1	20
	19	15204	1	20
	20	76002	3	400
	21	18030	1	35
	22	82137	1	80
	23	82132	1	80
	24	85001	1	55
	25	85005	1	55
	26	50621	1	400
	27	50130	3	400
	28	39002	1	60
	29	55009	1	45
	30	82127	1	80
	31	63720	2	50
	32	72220	1	10
	33	95002	1	9
	34	27987	5	400
	35	77289	1	9
	36	77290	1	10
	37	77380	1	1
}
Group	Azrael
{
	Mob	2598
	Type	drop
	1	50186	1	400
	2	50513	1	400
	3	25040	2	400
	4	25041	1	30
	5	70102	5	400
	6	27992	1	50
	7	27993	1	50
	8	27994	1	50
	9	13067	1	15
	10	13087	1	15
	11	13107	1	15
	12	13127	1	15
	13	38052	3	50
	14	38051	2	50
	15	30168	1	75
	16	12260	1	20
	17	12390	1	20
	18	12530	1	20
	19	12670	1	20
	20	82137	1	80
	21	82132	1	80
	22	85001	1	55
	23	85005	1	55
	24	50621	1	400
	25	53005	1	30
	26	71135	1	0.1
	27	71124	1	5
	28	50130	3	400
	29	39002	1	100
	30	55009	1	45
	31	55001	1	45
	32	82127	1	70
	33	63720	2	50
	34	72220	1	10
	35	95002	1	11
	36	73923	1	30
	37	77289	1	10
	38	77290	1	8
	39	77380	1	3
}
Group	grosseEishexe
{
	Mob	1192
	Type	limit
	level_limit_start	70
	level_limit_end 250
	1	27987	3	400
	2	50513	1	400
	3	50513	1	50
	4	25040	2	400
	5	25041	1	30
	6	70102	5	400
	7	30168	1	75
	8	27992	1	25
	9	27993	1	25
	10	27994	1	25
	11	28433	1	30
	12	28430	1	30
	13	28431	1	30
	14	28432	1	30
	15	28434	1	30
	16	28435	1	30
	17	28436	1	30
	18	28437	1	30
	19	28438	1	30
	20	28439	1	30
	21	28440	1	30
	22	28441	1	30
	23	28442	1	30
	24	28443	1	30
	25	13067	1	10
	26	13087	1	10
	27	13107	1	10
	28	13127	1	10
	29	38052	3	40
	30	38051	2	40
	31	14207	1	8
	32	16207	1	8
	33	15207	1	8
	34	17207	1	8
	35	12267	1	8
	36	12397	1	8
	37	12537	1	8
	38	12677	1	8
	39	11297	1	8
	40	11497	1	8
	41	11697	1	8
	42	11897	1	8
	43	82137	1	50
	44	82132	1	50
	45	85001	1	55
	46	85005	1	55
	47	50621	1	400
	48	50130	3	400
	49	39002	1	20
	50	50516	1	50
	51	82127	1	70
	52	63720	2	35
	53	72220	1	10
	54	71862	1	30
	55	71863	1	30
}
Group	Beran
{
	Mob	2493
	Type	drop
	1	71123	1	400
	2	71129	1	400
	3	71123	1	40
	4	71129	1	40
	5	50135	1	400
	6	50513	1	400
	7	70102	10	400
	8	71135	1	1
	9	71136	1	1
	10	71125	1	1
	11	71124	1	1
	12	15370	1	15
	13	15390	1	15
	14	15410	1	15
	15	15430	1	15
	16	25041	1	400
	17	18080	1	35
	18	60029	1	5
	19	82137	1	90
	20	82132	1	90
	21	12900	1	30
	22	12800	1	30
	23	12700	1	30
	24	12600	1	30
	25	85002	1	70
	26	85006	1	70
	27	50621	2	400
	28	50130	3	400
	29	39002	1	40
	30	55009	1	80
	31	55001	1	45
	32	82127	3	5
	33	50516	1	50
	34	33582	1	10
	35	33580	1	10
	36	82127	1	50
	37	63720	2	40
	38	72220	1	10
	39	95002	1	4
	40	77289	1	8
	41	77290	1	9
	42	77380	1	1
}
Group	Nemere
{
	Mob	6191
	Type	drop
	1	50133	1	400
	2	30168	2	400
	3	27992	2	80
	4	27993	2	80
	5	27994	2	80
	6	25041	3	80
	7	71051	1	50
	8	71052	1	50
	9	72052	1	30
	10	50513	2	400
	11	70102	5	400
	12	18080	1	35
	13	18900	1	80
	14	82106	1	80
	15	31077	1	400
	16	30048	1	400
	17	30066	1	400
	18	60029	1	5
	19	82137	1	400
	20	82132	1	400
	21	82134	1	45
	22	82138	1	90
	23	82133	1	70
	24	82139	1	45
	25	12900	1	30
	26	12800	1	30
	27	12700	1	30
	28	12600	1	30
	29	85002	1	70
	30	85006	1	70
	31	50621	2	400
	32	50130	3	400
	33	39002	1	80
	34	55404	1	45
	35	55009	4	50
	36	55001	1	45
	37	27992	5	45
	38	82127	3	20
	39	50516	1	50
	40	33575	1	10
	41	33576	1	10
	42	63720	2	15
	43	72220	1	10
	44	95002	1	8
	45	77289	1	10
	46	77290	1	12
	47	77380	1	2
	48	30907	1	400
}
Group	Razador
{
	Mob	6091
	Type	drop
	1	50134	1	400
	2	30168	2	400
	3	27992	2	80
	4	27993	2	80
	5	27994	2	80
	6	25041	3	80
	7	71051	1	50
	8	71052	1	50
	9	50513	2	400
	10	70102	5	400
	11	18080	1	35
	12	18900	1	80
	13	82106	1	80
	14	30188	1	400
	15	30187	1	400
	16	31082	1	400
	17	60028	1	5
	18	82137	1	400
	19	82132	1	400
	20	82134	1	45
	21	82138	1	90
	22	82133	1	80
	23	82139	1	45
	24	12900	1	30
	25	12800	1	30
	26	12700	1	30
	27	12600	1	30
	28	85002	1	70
	29	85006	1	70
	30	50621	2	400
	31	50130	3	400
	32	39002	1	80
	33	55403	1	45
	34	55009	4	50
	35	55001	1	45
	36	27992	5	45
	37	82127	3	20
	38	50516	1	50
	39	33577	1	10
	40	33578	1	10
	41	63720	2	15
	42	72220	1	10
	43	95002	1	9
	44	77289	1	10
	45	77290	1	12
	46	77380	1	2
	47	30907	1	400
}
Group	OrkZauberer
{
	Mob	604
	Type	drop
	1	30006	1	0.9
}
Group	StolzerOrkZauberer
{
	Mob	634
	Type	drop
	1	30006	1	0.9
}
Group	StolzerOrkGeneral
{
	Mob	635
	Type	drop
	1	30006	1	0.9
}
Group	SchwarzerOrk
{
	Mob	636
	Type	drop
	1	30006	1	0.9
}
Group	SchwarzerOrkRiese
{
	Mob	637
	Type	drop
	1	30006	1	0.9
}
Group	MutigerGrosserOrkzauberer
{
	Mob	654
	Type	drop
	1	30006	1	0.9
}
Group	MutigerGrosserOrkgeneral
{
	Mob	655
	Type	drop
	1	30006	1	0.9
}
Group	MutigerSchwarzerOrk
{
	Mob	656
	Type	drop
	1	30006	1	0.9
}
Group	MutigerSchwarzerOrkriese
{
	Mob	657
	Type	drop
	1	30006	1	0.9
}
Group	ObererDunklerArahan
{
	Mob	704
	Type	drop
	1	30047	1	0.8
}
Group	DunklerScharfrichter
{
	Mob	705
	Type	drop
	1	30047	1	0.8
}
Group	DunklerPeiniger
{
	Mob	706
	Type	drop
	1	30047	1	0.8
}
Group	DunklerBeschwoerer
{
	Mob	707
	Type	drop
	1	30047	1	0.8
}
Group	StolzerDunklerFanatiker
{
	Mob	731
	Type	drop
	1	30047	1	0.8
}
Group	StolzerDunklerArahan
{
	Mob	732
	Type	drop
	1	30047	1	0.8
}
Group	StolzerDunklerKaempfer
{
	Mob	733
	Type	drop
	1	30047	1	0.8
}
Group	StolzerDunklerOberst
{
	Mob	734
	Type	drop
	1	30047	1	0.8
}
Group	StolzerDunklerSchuetze
{
	Mob	735
	Type	drop
	1	30047	1	0.8
}
Group	StolzerDunklerPeiniger
{
	Mob	736
	Type	drop
	1	30047	1	0.8
}
Group	StolzerDunklerZauberer
{
	Mob	737
	Type	drop
	1	30047	1	0.8
}
Group	Daemonensoldat
{
	Mob	1001
	Type	drop
	1	30015	1	1
}
Group	Daemonenbogenschuetze
{
	Mob	1002
	Type	drop
	1	30015	1	1
}
Group	Daemonenspeerkaempfer
{
	Mob	1003
	Type	drop
	1	30015	1	1
}
Group	Daemonenschamane
{
	Mob	1004
	Type	drop
	1	30015	1	1
}
Group	GemeinerSoldat
{
	Mob	1031
	Type	drop
	1	30015	1	1
}
Group	GemeinerBogenschuetze
{
	Mob	1032
	Type	drop
	1	30015	1	1
}
Group	GemeinerSpeerkaempfer
{
	Mob	1033
	Type	drop
	1	30015	1	1
}
Group	GemeinerSchamane
{
	Mob	1034
	Type	drop
	1	30015	1	1
}
Group	Yeti
{
	Mob	1106
	Type	drop
	1	30050	1	0.5
}
Group	Eisgolem
{
	Mob	1107
	Type	drop
	1	30050	1	0.5
}
Group	UnterweltYeti
{
	Mob	1136
	Type	drop
	1	30050	1	0.5
}
Group	UnterweltEisgolem
{
	Mob	1137
	Type	drop
	1	30050	1	0.5
}
Group	Dryade
{
	Mob	2303
	Type	drop
	1	30165	1	0.5
}
Group	BoeserBaum
{
	Mob	2305
	Type	drop
	1	30165	1	0.5
}
Group	Geisterbaum
{
	Mob	2301
	Type	drop
	1	30165	1	0.5
}
Group	Geisterweide
{
	Mob	2304
	Type	drop
	1	30165	1	0.5
}
Group	RoteDryade
{
	Mob	2313
	Type	drop
	1	30165	1	0.5
	2	30167	1	0.5
}
Group	RoteGeisterweide
{
	Mob	2314
	Type	drop
	1	30165	1	0.5
	2	30167	1	0.5
}
Group	RoterBoeserBaum
{
	Mob	2315
	Type	drop
	1	30165	1	0.5
	2	30167	1	0.5
}
Group	RoterGeisterbaumstumpf
{
	Mob	2312
	Type	drop
	1	30165	1	0.5
	2	30167	1	0.5
}
Group	RoterGeisterbaum
{
	Mob	2311
	Type	drop
	1	30165	1	0.5
}
Group	Axtkaempfer
{
	Mob	1402
	Type	drop
	1	30166	1	10
}
Group	OgerKrieger
{
	Mob	1601
	Type	drop
	1	30166	1	10
}
Group	OgerBerserker
{
	Mob	1603
	Type	drop
	1	30166	1	10
}
Group	OgerSchlaechter
{
	Mob	1602
	Type	drop
	1	30166	1	10
}
Group	Tausendkaempfer
{
	Mob	1403
	Type	drop
	1	30166	1	10
}
Group	Zerstoerer
{
	Mob	1401
	Type	drop
	1	30166	1	10
}
Group	Tartaros
{
	Mob	2591
	Type	drop
	1	11294	1	0.1
	2	11494	1	0.1
	3	11694	1	0.1
	4	11894	1	0.1
	5	50621	1	60
	6	30312	1	400
	7	72220	1	10
}
Group	Charon
{
	Mob	2597
	Type	drop
	1	11294	1	30
	2	11494	1	30
	3	11694	1	30
	4	11894	1	30
	5	50621	1	400
	6	50513	1	400
	7	72220	1	10
}
Group	GeneralYonghan
{
	Mob	2492
	Type	limit
	level_limit_start	1																																																																													
	level_limit_end 150
	1	13106	1	0.1
	2	13126	1	0.1
	3	13086	1	0.1
	4	13066	1	0.1
	5	30190	1	0.1
	6	30179	1	400
	7	16186	1	0.1
	8	17186	1	0.1
	9	17206	1	0.1
	10	14206	1	0.1
	11	15166	1	0.1
	12	15206	1	0.1
	13	14144	1	0.1
	14	50621	1	60
	15	50516	1	0.1
	16	63720	1	1
	17	27987	10	0.1
	18	38057	1	0.1
}
Group	Spinnenbaroness
{
	Mob	2092
	Type	drop
	1	195	1	8
	2	185	1	8
	3	3165	1	8
	4	5125	1	8
	5	1135	1	8
	6	2175	1	8
	7	7155	1	8
	8	27992	1	0.1
	9	11296	1	0.1
	10	11496	1	0.1
	11	11696	1	0.1
	12	11896	1	0.1
	13	13140	1	0.1
	14	13064	1	0.1
	15	13084	1	0.1
	16	13124	1	0.1
	17	13104	1	0.1
	18	14166	1	0.1
	19	16166	1	0.1
	20	17166	1	0.1
	21	14186	1	0.1
	22	16186	1	0.l
	23	17186	1	0.1
	24	14206	1	0.1
	25	16206	1	0.1
	26	17206	1	0.1
	27	27993	1	0.1
	28	27994	1	0.1
	29	82137	1	80
	30	82132	1	80
	31	85001	1	55
	32	85005	1	55
	33	50621	1	400
	34	55402	1	45
	35	55009	1	45
	36	55001	1	45
	37	50516	1	30
	38	82127	1	50
	39	63720	1	5
	40	72220	1	10
	41	50074	1	400
	42	95002	1	9
	43	77289	1	7
	44	77290	1	7
}
Group	SpinnenbaronFuerFloete
{
	Mob	2094
	Type	limit
	level_limit_start	1																																																																													
	level_limit_end 150
	1	30327	1	100
	2	50621	1	75
}
Group	BaumfroschSoldat
{
	Mob	1301
	Type	drop
	1	12260	1	0.02
	2	12390	1	0.02
	3	12530	1	0.02
	4	12670	1	0.02
}
Group	BaumfroschAnfuehrer
{
	Mob	1302
	Type	drop
	1	12260	1	0.02
	2	12390	1	0.02
	3	12530	1	0.02
	4	12670	1	0.02
}
Group	Buhmann
{
	Mob	1303
	Type	drop
	1	12260	1	0.02
	2	12390	1	0.02
	3	12530	1	0.02
	4	12670	1	0.02
}
Group	GrosserBaumfroschSoldat
{
	Mob	1331
	Type	drop
	1	12260	1	0.02
	2	12390	1	0.02
	3	12530	1	0.02
	4	12670	1	0.02
}
Group	GrosserBaumfroschAnfuehrer
{
	Mob	1332
	Type	drop
	1	12260	1	0.02
	2	12390	1	0.02
	3	12530	1	0.02
	4	12670	1	0.02
}
Group	GrosserBuhmann
{
	Mob	1333
	Type	drop
	1	12260	1	0.02
	2	12390	1	0.02
	3	12530	1	0.02
	4	12670	1	0.02
}
Group	BaumfroschAnfuehrerZwei
{
	Mob	8506
	Type	drop
	1	12260	1	0.02
	2	12390	1	0.02
	3	12530	1	0.02
	4	12670	1	0.02
}
Group	OchsenfroschGeneral
{
	Mob	1305
	Type	drop
	1	12260	1	0.02
	2	12390	1	0.02
	3	12530	1	0.02
	4	12670	1	0.02
}
Group	GrosserOchsenfroschGeneral
{
	Mob	1335
	Type	drop
	1	12260	1	0.02
	2	12390	1	0.02
	3	12530	1	0.02
	4	12670	1	0.02
}
Group	MetinDerFinsternis
{
	Mob	8051
	Type	limit
	level_limit_start	1																																																																													
	level_limit_end 130	
	1	147	1	2
	2	7147	1	2
	3	157	1	2
	4	1107	1	2
	5	247	1	2
	6	3137	1	2
	7	2147	1	2
	8	5107	1	2
	9	11297	1	2
	10	11497	1	2
	11	11697	1	2
	12	11897	1	2
	13	82121	1	35
	14	82120	1	35
	15	82131	1	15
	16	82130	1	15
	17	82135	1	15
	18	82136	1	15
	19	70102	1	80
	20	50513	1	21
	21	25040	1	400
	22	71015	1	1
	23	71016	1	1
	24	82137	1	15
	25	82132	1	15
	26	50130	1	20
	27	38057	1	5
	28	82122	1	400
	29	82290	1	30
}
Group	MetinDerGlut
{
	Mob	8052
	Type	limit
	level_limit_start	1																																																																													
	level_limit_end 130	
	1	147	1	2
	2	7147	1	2
	3	157	1	2
	4	1107	1	2
	5	247	1	2
	6	3137	1	2
	7	2147	1	2
	8	5107	1	2
	9	11297	1	2
	10	11497	1	2
	11	11697	1	2
	12	11897	1	2
	13	82121	1	35
	14	82120	1	35
	15	82131	1	15
	16	82130	1	15
	17	82135	1	15
	18	82136	1	15
	19	70102	1	80
	20	50513	1	21
	21	25040	1	75
	22	71015	1	1
	23	71016	1	1
	24	82137	1	15
	25	82132	1	15
	26	50130	1	20
	27	38057	1	5
	28	82122	1	400
	39	82290	1	30
}
Group	MetinDesZorns
{
	Mob	8054
	Type	limit
	level_limit_start	1																																																																													
	level_limit_end 130
	1	147	1	2
	2	7147	1	2
	3	157	1	2
	4	1107	1	2
	5	247	1	2
	6	3137	1	2
	7	2147	1	2
	8	5107	1	2
	9	11297	1	2
	10	11497	1	2
	11	11697	1	2
	12	11897	1	2
	13	82121	1	35
	14	82120	1	35
	15	82131	1	15
	16	82130	1	15
	17	82135	1	15
	18	82136	1	15
	19	70102	1	80
	20	50513	1	21
	21	25040	1	75
	22	71015	1	1
	23	71016	1	1
	24	82137	1	15
	25	82132	1	15
	26	50130	1	20
	27	38057	1	5
	28	82122	1	400
	29	82290	1	30
}
Group	MetinDesUnheils
{
	Mob	8055
	Type	limit
	level_limit_start	1																																																																													
	level_limit_end 135
	1	147	1	2
	2	7147	1	2
	3	157	1	2
	4	1107	1	2
	5	247	1	2
	6	3137	1	2
	7	2147	1	2
	8	5107	1	2
	9	11297	1	2
	10	11497	1	2
	11	11697	1	2
	12	11897	1	2
	13	82121	1	35
	14	82120	1	35
	15	82131	1	15
	16	82130	1	15
	17	82135	1	15
	18	82136	1	15
	19	70102	1	80
	20	50513	1	21
	21	25040	1	75
	22	71015	1	1
	23	71016	1	1
	24	82137	1	15
	25	82132	1	15
	26	50130	1	20
	27	38057	1	5
	28	82122	1	400
	29	82290	1	30
}
Group	MetinDerEitelkeit
{
	Mob	8053
	Type	limit
	level_limit_start	1																																																																													
	level_limit_end 135
	1	147	1	2
	2	7147	1	2
	3	157	1	2
	4	1107	1	2
	5	247	1	2
	6	3137	1	2
	7	2147	1	2
	8	5107	1	2
	9	11297	1	2
	10	11497	1	2
	11	11697	1	2
	12	11897	1	2
	13	82121	1	35
	14	82120	1	35
	15	82131	1	15
	16	82130	1	15
	17	82135	1	15
	18	82136	1	15
	19	70102	1	80
	20	50513	1	21
	21	25040	1	75
	22	71015	1	1
	23	71016	1	1
	24	82137	1	15
	25	82132	1	15
	26	50130	1	20
	27	38057	1	5
	28	82122	1	400
	29	82290	1	30
}
Group	MetinDerNiedertracht
{
	Mob	8056
	Type	limit
	level_limit_start	1																																																																													
	level_limit_end 135
	1	147	1	2
	2	7147	1	2
	3	157	1	2
	4	1107	1	2
	5	247	1	2
	6	3137	1	2
	7	2147	1	2
	8	5107	1	2
	9	11297	1	2
	10	11497	1	2
	11	11697	1	2
	12	11897	1	2
	13	82121	1	35
	14	82120	1	35
	15	82131	1	15
	16	82130	1	15
	17	82135	1	15
	18	82136	1	15
	19	70102	1	80
	20	50513	1	21
	21	25040	1	75
	22	71015	1	1
	23	71016	1	1
	24	82137	1	15
	25	82132	1	15
	26	50130	1	20
	27	38057	1	5
	28	82122	1	400
	29	82290	1	30
}
Group	GeneralKappa
{
	Mob	3490
	Type	drop
	1	25041	1	10
	2	50254	1	400
	3	13140	1	25
	4	82134	1	30
	5	82138	1	90
	6	82133	1	40
	7	82139	1	8
	8	27992	1	30
	9	27993	1	30
	10	27994	1	30
	11	50513	1	400
	12	25040	1	75
	13	27987	2	400
	14	85001	1	30
	15	85005	1	30
	16	50621	1	75
	17	50130	1	20
	18	30168	1	400
	19	55009	1	45
	20	55001	1	45
	21	50516	1	15
	22	63720	1	15
	23	72220	1	10
}
Group	GeneralLobster
{
	Mob	3690
	Type	drop
	1	25041	1	10
	2	50254	1	400
	3	13140	1	25
	4	82134	1	40
	5	82138	1	8
	6	82133	1	40
	7	82139	1	8
	8	27992	1	30
	9	27993	1	30
	10	27994	1	30
	11	50513	1	400
	12	25040	1	75
	13	27987	2	400
	14	85001	1	30
	15	85005	1	30
	16	50621	1	75
	17	50130	1	20
	18	30168	1	400
	19	55009	1	45
	20	55001	1	45
	21	50516	1	15
	22	63720	1	15
	23	72220	1	10
}
Group	Knochengesicht
{
	Mob	3590
	Type	drop
	1	25041	1	10
	2	50254	1	400
	3	13140	1	25
	4	82134	1	40
	5	82138	1	90
	6	82133	1	40
	7	82139	1	8
	8	27992	1	30
	9	27993	1	30
	10	27994	1	30
	11	50513	1	400
	12	25040	1	75
	13	27987	2	400
	14	85001	1	30
	15	85005	1	30
	16	50621	1	75
	17	50130	1	20
	18	30168	1	400
	19	55009	1	45
	20	55001	1	45
	21	50516	1	15
	22	63720	1	15
	23	72220	1	10
}
Group	Arges
{
	Mob	3190
	Type	drop
	1	25041	1	10
	2	50254	1	400
	3	13140	1	25
	4	82134	1	40
	5	82138	1	8
	6	82133	1	40
	7	82139	1	8
	8	27992	1	30
	9	27993	1	30
	10	27994	1	30
	11	50513	1	400
	12	25040	1	75
	13	27987	2	400
	14	85001	1	30
	15	85005	1	30
	16	50621	1	75
	17	50130	1	20
	18	30168	1	400
	19	55009	1	45
	20	55001	1	45
	21	50516	1	15
	22	63720	1	15
	23	72220	1	10
}
Group	BrutalesKnochengesicht
{
	Mob	3595
	Type	drop
	1	25041	1	10
	2	50254	1	400
	3	13140	1	25
	4	82134	1	40
	5	82138	1	90
	6	82133	1	40
	7	82139	1	8
	8	27992	1	30
	9	27993	1	30
	10	27994	1	30
	11	50513	1	400
	12	25040	1	75
	13	27987	2	400
	14	85001	1	30
	15	85005	1	30
	16	50621	1	75
	17	50130	1	20
	18	30168	1	400
	19	55009	1	45
	20	55001	1	45
	21	50516	1	15
	22	63720	1	15
	23	72220	1	10
}
Group	Gargoyle
{
	Mob	3790
	Type	drop
	1	25041	1	10
	2	50254	1	400
	3	13140	1	25
	4	82134	1	40
	5	82138	1	8
	6	82133	1	40
	7	82139	1	8
	8	27992	1	30
	9	27993	1	30
	10	27994	1	30
	11	50513	1	400
	12	25040	1	75
	13	27987	2	400
	14	85001	1	30
	15	85005	1	30
	16	50621	1	75
	17	50130	1	20
	18	30168	1	400
	19	55009	1	45
	20	55001	1	45
	21	50516	1	15
	22	63720	1	15
	23	72220	1	10
}
Group	LordGnoll
{
	Mob	3090
	Type	drop
	1	25041	1	10
	2	50254	1	400
	3	13140	1	25
	4	82134	1	40
	5	82138	1	90
	6	82133	1	40
	7	82139	1	8
	8	27992	1	30
	9	27993	1	30
	10	27994	1	30
	11	50513	1	400
	12	25040	1	75
	13	27987	2	400
	14	85001	1	30
	15	85005	1	30
	16	50621	1	75
	17	50130	1	20
	18	30168	1	400
	19	55009	1	45
	20	55001	1	45
	21	50516	1	15
	22	63720	1	15
	23	72220	1	10
}
Group	Rakshasa
{
	Mob	3290
	Type	drop
	1	25041	1	10
	2	50254	1	400
	3	13140	1	25
	4	82134	1	40
	5	82138	1	8
	6	82133	1	40
	7	82139	1	8
	8	27992	1	30
	9	27993	1	30
	10	27994	1	30
	11	50513	1	400
	12	25040	1	75
	13	27987	2	400
	14	85001	1	30
	15	85005	1	30
	16	50621	1	75
	17	50130	1	20
	18	30168	1	400
	19	55009	1	45
	20	55001	1	45
	21	50516	1	15
	22	63720	1	15
	23	72220	1	10
}
Group	AkuBoku
{
	Mob	3911
	Type	drop
	1	25041	1	10
	2	50254	1	400
	3	13140	1	25
	4	82134	1	40
	5	82138	1	90
	6	82133	1	40
	7	82139	1	8
	8	27992	1	30
	9	27993	1	30
	10	27994	1	30
	11	50513	1	400
	12	25040	1	75
	13	27987	2	400
	14	85001	1	30
	15	85005	1	30
	16	50621	1	75
	17	50130	1	20
	18	30168	1	400
	19	55009	1	45
	20	55001	1	45
	21	50516	1	15
	22	63720	1	15
	23	72220	1	10
}
Group	Arboretum
{
	Mob	3912
	Type	drop
	1	25041	1	10
	2	50254	1	400
	3	13140	1	25
	4	82134	1	40
	5	82138	1	8
	6	82133	1	40
	7	82139	1	8
	8	27992	1	30
	9	27993	1	30
	10	27994	1	30
	11	50513	1	400
	12	25040	1	400
	13	27987	2	400
	14	85001	1	30
	15	85005	1	30
	16	50621	1	75
	17	50130	1	20
	18	30168	1	400
	19	55009	1	45
	20	55001	1	45
	21	50516	1	15
	22	63720	1	15
	23	72220	1	10
}
Group	KapitanShrack
{
	Mob	3890
	Type	drop
	1	25041	1	10
	2	50254	1	400
	3	13140	1	25
	4	82134	1	8
	5	82138	1	90
	6	82133	1	40
	7	82139	1	8
	8	27992	1	30
	9	27993	1	30
	10	27994	1	30
	11	50513	1	400
	12	25040	1	400
	13	27987	2	400
	14	85001	1	30
	15	85005	1	30
	16	50621	1	75
	17	50130	1	20
	18	30168	1	400
	19	55009	1	45
	20	55001	1	45
	21	50516	1	15
	22	63720	1	15
	23	72220	1	10
}
Group	LemurenFurst
{
	Mob	3390
	Type	drop
	1	25041	1	10
	2	50254	1	400
	3	13140	1	25
	4	82134	1	40
	5	82138	1	8
	6	82133	1	40
	7	82139	1	8
	8	27992	1	30
	9	27993	1	30
	10	27994	1	30
	11	50513	1	400
	12	25040	1	400
	13	27987	2	400
	14	85001	1	30
	15	85005	1	30
	16	50621	1	75
	17	50130	1	20
	18	30168	1	400
	19	55009	1	45
	20	55001	1	45
	21	50516	1	15
	22	63720	1	15
	23	72220	1	10
}
Group	Skeletos
{
	Mob	3910
	Type	drop
	1	25041	1	10
	2	50254	1	400
	3	13140	1	25
	4	82134	1	8
	5	82138	1	90
	6	82133	1	8
	7	82139	1	8
	8	27992	1	30
	9	27993	1	30
	10	27994	1	30
	11	50513	1	400
	12	25040	1	400
	13	27987	2	400
	14	85001	1	30
	15	85005	1	30
	16	50621	1	75
	17	50130	1	20
	18	30168	1	400
	19	55009	1	45
	20	55001	1	45
	21	50516	1	15
	22	63720	1	15
	23	72220	1	10
}
Group	Sycomor
{
	Mob	3913
	Type	drop
	1	25041	1	10
	2	50254	1	400
	3	13140	1	25
	4	82134	1	40
	5	82138	1	8
	6	82133	1	40
	7	82139	1	8
	8	27992	1	30
	9	27993	1	30
	10	27994	1	30
	11	50513	1	400
	12	25040	1	400
	13	27987	2	400
	14	85001	1	30
	15	85005	1	30
	16	50621	1	75
	17	50130	1	20
	18	30168	1	400
	19	55009	1	45
	20	55001	1	45
	21	50516	1	15
	22	63720	1	15
	23	72220	1	10
}
Group	GeneralYonghan
{
	Mob	v
	Type	drop
	1	15206	1	30
	2	15166	1	30
	3	14206	1	30
	4	14186	1	30
	5	14166	1	30
	6	17166	1	30
	7	17186	1	30
	8	17206	1	30
	9	16206	1	30
	10	16186	1	30
	11	16166	1	30
	12	30179	4	85
	13	76010	1	65
	14	13064	1	35
	15	13084	1	35
	16	13104	1	35
	17	13124	1	35
	18	27992	1	20
	19	27993	1	20
	20	27994	1	20
	21	50513	1	400
	22	50621	1	60
	23	50130	1	20
	24	30168	1	50
	25	50516	1	15
	26	63720	1	15
}
Group	Polyphemos
{
	Mob	3191
	Type	drop
	1	25041	1	10
	2	50254	1	400
	3	13140	1	25
	4	82134	1	40
	5	82138	1	90
	6	82133	1	40
	7	82139	1	8
	8	27992	1	30
	9	27993	1	30
	10	27994	1	30
	11	50513	1	400
	12	25040	1	400
	13	27987	2	400
	14	85001	1	30
	15	85005	1	30
	16	50621	1	75
	17	50130	1	20
	18	30168	1	400
	19	55009	1	45
	20	55001	1	45
	21	50516	1	20
	22	63720	1	15
	23	72220	1	10
}
Group	Sd1kleinespinne
{
	Mob	2033
	Type	drop
	1	71095	1	0.5
}
Group	Sd1klauenspinneeins
{
	Mob	2034
	Type	drop
	1	71095	1	0.5
}
Group	Sd1klauenspinnezwei
{
	Mob	2035
	Type	drop
	1	71095	1	0.5
}
Group	Sd1klauenspinnedrei
{
	Mob	2036
	Type	drop
	1	71095	1	0.5
}
Group	Hundertfuenfzehnermetin
{
	Mob	8061
	Type	drop
	1	147	1	5
	2	7147	1	5
	3	157	1	5
	4	1107	1	5
	5	247	1	5
	6	3137	1	5
	7	2147	1	5
	8	5107	1	5
	9	11297	1	5
	10	11497	1	5
	11	11697	1	5
	12	11897	1	5
	13	82121	1	40
	14	82120	1	40
	15	82131	1	20
	16	82130	1	20
	17	82135	1	20
	18	82136	1	20
	19	70102	1	100
	20	50513	1	17
	21	71015	1	15
	22	71016	1	15
	23	82137	1	20
	24	82132	1	20
	25	50130	1	25
	26	38056	1	20
	27	82122	1	100
	28	82290	1	100
	29	71052	1	10
}
Group	Hundertzwanzigermetin
{
	Mob	8062
	Type	drop
	1	147	1	8
	2	7147	1	8
	3	157	1	8
	4	1107	1	8
	5	247	1	8
	6	3137	1	8
	7	2147	1	8
	8	5107	1	8
	9	11297	1	8
	10	11497	1	8
	11	11697	1	8
	12	11897	1	8
	13	82121	1	35
	14	82120	1	35
	15	82131	1	15
	16	82130	1	15
	17	82135	1	15
	18	82136	1	15
	19	70102	1	100
	20	50513	1	20
	21	71015	1	10
	22	71016	1	10
	23	82137	1	15
	24	82132	1	15
	25	50130	1	20
	26	38056	1	15
	27	82122	1	100
	28	82290	1	100
	29	71051	1	10
}
Group	Bagjanamu
{
	Mob	6408
	Type	drop
	1	90028	1	400
	2	90029	1	400
	3	50513	1	400
	4	25041	1	50
	5	27992	1	75
	6	27993	1	75
	7	27994	1	75
	8	82121	5	75
	9	38051	5	400
	10	71051	1	30
	11	71052	1	30
	12	50130	3	400
	13	30168	1	400
	14	55009	1	65
	15	55001	1	45
	16	78727	1	30
	17	50516	1	15
	18	63720	2	15
	19	72220	1	10
}
Group	JotunThrym
{
	Mob	6418
	Type	drop
	1	50266	1	400
	2	71135	1	0.1
	3	50513	1	400
	4	25041	1	75
	5	27992	1	65
	6	27993	1	65
	7	27994	1	65
	8	82121	10	400
	9	38051	10	400
	10	71051	1	400
	11	71052	1	400
	12	18080	1	40
	13	18900	1	70
	14	82106	1	400
	15	31077	1	60
	16	30048	1	60
	17	30066	1	60
	18	82137	1	400
	19	82132	1	400
	20	82134	1	60
	21	82138	1	90
	22	82133	1	80
	23	82139	1	60
	24	12900	1	30
	25	12800	1	30
	26	12700	1	30
	27	12600	1	30
	28	85002	1	65
	29	85006	1	65
	30	50621	2	400
	31	30188	1	65
	32	30187	1	65
	33	31082	1	65
	34	13144	1	45
	35	41315	1	1
	36	41316	1	1
	37	45151	1	1
	38	45152	1	1
	39	50274	1	0.1
	40	50130	5	400
	41	30168	1	400
	42	55009	2	70
	43	55001	1	45
	44	78727	1	30
	45	50516	1	25
	46	82127	1	30
	47	63720	1	15
	48	60028	1	8
	49	60029	1	7
	50	60030	1	6
	51	72220	1	10
	52	95002	1	4
	53	73923	1	5
	54	77289	1	3
	55	77290	1	4
	56	77380	1	1
	57	30907	1	400
}
Group	RoterGeisterbaumBOSS
{
	Mob	6418
	Type	drop
	1	38054	1	400
	2	25040	2	400
	3	50513	1	400
	4	70102	2	400
	5	38052	1	8
	6	38057	1	8
	7	38051	2	400
	8	71015	1	5
	9	71016	1	5
	10	27987	2	400
	11	13066	1	11
	12	13086	1	11
	13	13106	1	11
	14	13126	1	11
	15	146	1	10
	16	156	1	10
	17	166	1	10
	18	246	1	10
	19	1106	1	10
	20	1116	1	10
	21	2136	1	10
	22	2146	1	10
	23	3136	1	10
	24	3146	1	10
	25	5096	1	10
	26	5106	1	10
	27	7136	1	10
	28	7146	1	10
	29	11296	1	10
	30	11496	1	10
	31	11696	1	10
	32	11896	1	10
	33	14206	1	10
	34	16206	1	10
	35	17206	1	10
	36	15206	1	10
	37	50621	1	10
	38	50130	2	400
	39	30168	1	400
	40	50516	1	25
	41	72220	1	10
}
Group	grottemobeins
{
	Mob	2401
	Type	drop
	1	30251	1	0.1
	2	70031	1	0.3
	3	30252	1	0.2
}
Group	grottemobzwei
{
	Mob	2402
	Type	drop
	1	30251	1	0.1
	2	70031	1	0.3
	3	30252	1	0.2
}
Group	grottemobdrei
{
	Mob	2403
	Type	drop
	1	30251	1	0.1
	2	70031	1	0.3
	3	30252	1	0.2
}
Group	grottemobvier
{
	Mob	2404
	Type	drop
	1	30251	1	0.1
	2	70031	1	0.3
	3	30252	1	0.2
}
Group	grottemobfuenf
{
	Mob	2411
	Type	drop
	1	30251	1	0.1
	2	70031	1	0.3
	3	30252	1	0.2
}
Group	grottemobsechs
{
	Mob	2412
	Type	drop
	1	30251	1	0.1
	2	70031	1	0.3
	3	30252	1	0.2
}
Group	grottemobsieben
{
	Mob	2413
	Type	drop
	1	30251	1	0.1
	2	70031	1	0.3
	3	30252	1	0.2
}
Group	grottemobacht
{
	Mob	2414
	Type	drop
	1	30251	1	0.2
	2	70031	1	0.5
	3	30252	1	0.2
}
Group	Martyaxwar
{
	Mob	3291
	Type	drop
	1	25041	1	10
	2	50254	1	400
	3	13140	1	25
	4	82134	1	40
	5	82138	1	90
	6	82133	1	40
	7	82139	1	8
	8	27992	1	30
	9	27993	1	30
	10	27994	1	30
	11	50513	1	400
	12	25040	1	400
	13	27987	2	400
	14	85001	1	30
	15	85005	1	30
	16	50621	1	75
	17	50130	1	20
	18	30168	1	400
	19	55009	1	45
	20	55001	1	45
	21	50516	1	25
	22	63720	1	30
	23	72220	1	10
}
Group	KingKrabbe
{
	Mob	3691
	Type	drop
	1	25041	1	10
	2	50254	1	400
	3	13140	1	25
	4	82134	1	8
	5	82138	1	8
	6	82133	1	40
	7	82139	1	8
	8	27992	1	30
	9	27993	1	30
	10	27994	1	30
	11	50513	1	400
	12	25040	1	400
	13	27987	2	400
	14	85001	1	30
	15	85005	1	30
	16	50621	1	75
	17	50130	1	20
	18	30168	1	400
	19	55009	1	45
	20	55001	1	45
	21	50516	1	25
	22	63720	1	30
	23	72220	1	10
}
Group	Triton
{
	Mob	3491
	Type	drop
	1	25041	1	10
	2	50254	1	400
	3	13140	1	25
	4	82134	1	8
	5	82138	1	90
	6	82133	1	40
	7	82139	1	8
	8	27992	1	30
	9	27993	1	30
	10	27994	1	30
	11	50513	1	400
	12	25040	1	400
	13	27987	2	400
	14	85001	1	30
	15	85005	1	30
	16	50621	1	75
	17	50130	1	20
	18	30168	1	400
	19	55009	1	45
	20	55001	1	45
	21	50516	1	25
	22	63720	1	30
	23	72220	1	10
}
Group	LemurenBodyguard
{
	Mob	3391
	Type	drop
	1	25041	1	10
	2	50254	1	400
	3	13140	1	25
	4	82134	1	8
	5	82138	1	8
	6	82133	1	40
	7	82139	1	8
	8	27992	1	30
	9	27993	1	30
	10	27994	1	30
	11	50513	1	400
	12	25040	1	400
	13	27987	2	400
	14	85001	1	30
	15	85005	1	30
	16	50621	1	75
	17	50130	1	20
	18	30168	1	400
	19	55009	1	45
	20	55001	1	45
	21	50516	1	25
	22	63720	1	30
	23	72220	1	10
}
Group	KingWubba
{
	Mob	3791
	Type	drop
	1	25041	1	10
	2	50254	1	400
	3	13140	1	25
	4	82134	1	40
	5	82138	1	90
	6	82133	1	40
	7	82139	1	8
	8	27992	1	30
	9	27993	1	30
	10	27994	1	30
	11	50513	1	400
	12	25040	1	400
	13	27987	2	400
	14	85001	1	30
	15	85005	1	30
	16	50621	1	75
	17	50130	1	20
	18	30168	1	400
	19	55009	1	45
	20	55001	1	45
	21	50516	1	25
	22	63720	1	30
	23	72220	1	10
}
Group	UnderworldReaper
{
	Mob	30410
	Type	drop
	1	50513	1	400
	2	71051	1	20
	3	71052	1	20
	4	27992	5	50
	5	38056	3	90
	6	82120	3	90
	7	50082	1	400
	8	27992	2	45
	9	50516	1	30
	10	72220	1	10
	11	77289	1	2
	12	77290	1	4
}
Group	Underwordblue
{
	Mob	30412
	Type	drop
	1	50513	1	400
	2	71051	2	40
	3	71052	2	40
	4	27992	15	50
	5	38056	5	90
	6	82120	5	90
	7	82121	5	90
	8	50082	1	400
	9	27992	3	45
	10	82127	1	30
	11	50516	1	30
	12	72220	1	10
	13	77289	1	2
	14	77290	1	4
	15	77380	1	4
}
Group	Meleys1
{
	Mob	6110
	Type	drop
	1	38056	1	0.2
	2	82120	1	0.2
	3	82121	1	0.2
}
Group	Meleys2
{
	Mob	6111
	Type	drop
	1	38056	1	0.2
	2	82120	1	0.2
	3	82121	1	0.2
}
Group	Meleys3
{
	Mob	6112
	Type	drop
	1	38056	1	0.2
	2	82120	1	0.2
	3	82121	1	0.2
}
Group	Meleys4
{
	Mob	6113
	Type	drop
	1	38056	1	0.2
	2	82120	1	0.2
	3	82121	1	0.2
}
Group	Meleys5
{
	Mob	6114
	Type	drop
	1	38056	1	0.2
	2	82120	1	0.2
	3	82121	1	0.2
}
Group	Meleys6
{
	Mob	6115
	Type	drop
	1	38056	1	0.2
	2	82120	1	0.2
	3	82121	1	0.2
}
Group	Hydraboss
{
	Mob	3964
	Type	drop
	1	50513	1	400
	2	71051	3	40
	3	71052	3	40
	4	27992	15	50
	5	38056	5	90
	6	82120	5	90
	7	82121	5	90
	8	27992	7	45
	9	55405	1	0.5
	10	82138	3	90
	11	90027	1	5
	12	71136	1	4
	13	71135	1	3
	14	71125	1	2
	15	71108	10	50
	16	50621	10	40
	17	82131	2	12
	18	82133	2	25
	19	82134	2	12
	20	82135	2	12
	21	50516	1	12
	22	82127	1	70
	23	63720	1	70
	24	60028	1	7
	25	60029	1	6
	26	60030	1	5
	27	73923	1	30
	28	77380	1	5
	29	30907	1	400
	30	99100	1	400
}
Group	Elementsmetin
{
	Mob	8060
	Type	drop
	1	38054	1	50
	2	25040	2	50
	3	50513	1	21
	4	70102	2	80
	5	38052	1	8
	6	38057	1	8
	7	38051	2	400
	8	71015	1	5
	9	71016	1	5
	10	27987	2	400
	11	13060	1	11
	12	13080	1	11
	13	13100	1	11
	14	13120	1	11
	15	140	1	10
	16	150	1	10
	17	160	1	10
	18	240	1	10
	19	1100	1	10
	20	1110	1	10
	21	2130	1	10
	22	2140	1	10
	23	3130	1	10
	24	3140	1	10
	25	5090	1	10
	26	5100	1	10
	27	7130	1	10
	28	7140	1	10
	29	11290	1	0.5
	30	11490	1	0.5
	31	11690	1	0.5
	32	11890	1	0.5
	33	14200	1	3
	34	16200	1	3
	35	17200	1	3
	36	15200	1	3
	37	50621	1	10
	38	50130	1	10
	39	82122	1	100
	40	82290	1	100
}
Group	MetinofDesert
{
	Mob	8469
	Type	limit
	level_limit_start	1																																																																													
	level_limit_end 180	
	1	82121	1	80
	2	82120	1	80
	3	82131	1	25
	4	82130	1	25
	5	82135	1	25
	6	82136	1	15
	7	70102	1	80
	8	50513	1	21
	9	25040	1	95
	10	71015	1	45
	11	71016	1	50
	12	82137	1	45
	13	82132	1	45
	14	50130	1	60
	15	38057	1	35
	16	82139	1	40
	17	71051	1	20
	18	71052	1	20
	19	82122	2	70
	20	82290	1	100
	21	66275	1	35
}
Group	Thornstone
{
	Mob	8470
	Type	limit
	level_limit_start	1																																																																													
	level_limit_end 180	
	1	82121	1	95
	2	82120	1	95
	3	82131	1	95
	4	82130	1	95
	5	82135	1	95
	6	82136	1	95
	7	70102	1	80
	8	50513	1	34
	9	25040	1	75
	10	71015	1	40
	11	71016	1	40
	12	82137	1	80
	13	82132	1	80
	14	50130	1	40
	15	38057	1	80
	16	71051	1	50
	17	71052	1	50
	18	82122	2	70
	19	82290	1	100
	20	66275	1	35
}
Group	Mummystone
{
	Mob	8471
	Type	limit
	level_limit_start	1																																																																													
	level_limit_end 180	
	1	82121	1	75
	2	82120	1	75
	3	82131	1	55
	4	82130	1	55
	5	82135	1	55
	6	82136	1	55
	7	70102	1	90
	8	50513	1	51
	9	25040	1	75
	10	71015	1	70
	11	71016	1	80
	12	82137	1	45
	13	82132	1	45
	14	50130	1	60
	15	38057	1	70
	16	82107	1	65
	17	82108	1	70
	18	82109	1	85
	19	82113	1	80
	20	71051	1	70
	21	71052	1	75
	22	82122	2	70
	23	82290	1	100
	24	66275	1	35
}
Group	ShadeofAnubis
{
	Mob	4138
	Type	drop
	1	50513	1	400
	2	25041	1	50
	3	27992	1	75
	4	27993	1	75
	5	27994	1	75
	6	82121	5	75
	7	38051	5	400
	8	71051	3	30
	9	71052	3	30
	10	50130	3	400
	11	55009	1	65
	12	55001	1	45
	13	78727	1	30
	14	90040	1	400
	15	82101	1	8
	16	82115	1	8
	17	82136	1	8
	18	82138	1	400
	19	82133	1	50
	20	82134	1	50
	21	82135	1	50
	22	50516	1	40
	23	33577	1	20
	24	33576	1	20
	25	63720	1	10
	26	60028	1	7
	27	60029	1	6
	28	60030	1	5
}
Group	Brutalancientnaga
{
	Mob	4137
	Type	drop
	1	50513	1	400
	2	25041	1	50
	3	27992	1	75
	4	27993	1	75
	5	27994	1	75
	6	82121	5	75
	7	38051	5	400
	8	71051	3	30
	9	71052	3	30
	10	50130	3	400
	11	55009	1	65
	12	55001	1	45
	13	78727	1	30
	14	90040	1	400
	15	82138	1	75
	16	82133	1	50
	17	82134	1	50
	18	82135	1	50
	19	50516	1	40
	20	33578	1	20
	21	33579	1	20
	22	60028	1	7
	23	60029	1	6
	24	60030	1	5
	25	63720	1	10
}
Group	Desertcreature
{
	Mob	4136
	Type	drop
	1	50513	1	400
	2	25041	1	50
	3	27992	1	75
	4	27993	1	75
	5	27994	1	75
	6	82121	5	75
	7	38051	5	400
	8	71051	3	30
	9	71052	3	30
	10	50130	3	400
	11	55009	1	65
	12	55001	1	45
	13	78727	1	30
	14	90040	1	400
	15	82139	1	35
	16	82138	1	400
	17	82133	1	50
	18	82134	1	50
	19	82135	1	50
	20	50516	1	40
	21	33582	1	20
	22	33581	1	20
	23	60028	1	7
	24	60029	1	6
	25	60030	1	5
	26	63720	1	10
}
Group	StoneofWinsdown
{
	Mob	8480
	Type	drop
	1	30817	1	20
	2	82127	1	10
}
Group	Stoneofintelence
{
	Mob	8481
	Type	drop
	1	30817	1	20
	2	82127	1	10
}
Group	Mahuem
{
	Mob	4311
	Type	drop
	1	90043	1	400
	2	50513	1	400
	3	70102	5	400
	4	71124	1	1
	5	15370	1	15
	6	15390	1	15
	7	15410	1	15
	8	15430	1	15
	9	25041	1	400
	10	18080	1	35
	11	60029	1	5
	12	82137	1	90
	13	82132	1	90
	14	12900	1	30
	15	12800	1	30
	16	12700	1	30
	17	12600	1	30
	18	85002	1	70
	19	85006	1	70
	20	50621	2	400
	21	50130	3	400
	22	39002	1	40
	23	55009	1	80
	24	55001	1	45
	25	37274	10	30
	26	40530	1	7
	27	40531	1	7
	28	40532	1	7
	29	40533	1	7
	30	40534	1	7
	31	40535	1	7
	32	40536	1	7
	33	40537	1	7
	34	50516	1	40
	35	33579	1	80
	36	33576	1	80
	37	60028	1	7
	38	60029	1	6
	39	60030	1	5
	40	63720	1	15
	41	95002	1	7
	42	73923	1	30
	43	77289	1	3
	44	77290	1	4
	45	77380	1	2
}
Group	Sharkkonieg
{
	Mob	4307
	Type	drop
	1	90042	1	400
	2	50513	1	400
	3	70102	5	400
	4	71124	1	1
	5	15370	1	15
	6	15390	1	15
	7	15410	1	15
	8	15430	1	15
	9	25041	1	400
	10	18080	1	35
	11	60029	1	5
	12	82137	1	90
	13	82132	1	90
	14	12900	1	30
	15	12800	1	30
	16	12700	1	30
	17	12600	1	30
	18	85002	1	70
	19	85006	1	70
	20	50621	2	400
	21	50130	3	400
	22	39002	1	40
	23	55009	1	80
	24	55001	1	45
	25	37274	10	30
	26	40530	1	10
	27	40531	1	10
	28	40532	1	10
	29	40533	1	10
	30	40534	1	10
	31	40535	1	10
	32	40536	1	10
	33	40537	1	10
	34	50516	1	50
	35	33575	1	30
	36	33576	1	30
	37	33577	1	30
	38	63720	1	15
	39	95002	1	8
	40	73923	1	90
	41	77289	1	3
	42	77290	1	4
	43	77380	1	2
}
Group	MagicTroll
{
	Mob	4095
	Type	drop
	1	50516	1	40
	2	49880	10	80
	3	57730	1	10
	4	57731	1	10
	5	57732	1	10
	6	57733	1	10
	7	57734	1	10
	8	57735	1	10
	9	27992	5	80
	10	33509	1	20
	11	33510	1	20
	12	33501	1	20
	13	33502	1	20
	14	33581	1	40
	15	33580	1	40
	16	33582	1	40
	17	82139	3	40
	18	71051	8	10
	19	71052	8	10
	20	82133	3	8
	21	82134	3	8
	22	82135	3	8
	23	63720	2	15
	24	30799	1	40
	25	60028	1	8
	26	60029	1	7
	27	60030	1	6
	28	19200	1	25
	29	13290	1	10
	30	95002	1	8
	31	73923	1	30
	32	77289	1	3
	33	77290	1	4
	34	77380	1	2
}
Group	Mushrommboss
{
	Mob	236
	Type	drop
	1	33509	1	40
	2	33510	1	40
	3	33501	1	40
	4	33502	1	40
	5	50516	1	20
	6	14220	1	20
	7	16220	1	20
	8	17220	1	20
	9	180	1	8
	10	3160	1	8
	11	190	1	8
	12	1130	1	8
	13	2170	1	8
	14	5120	1	8
	15	25041	1	80
	16	33579	1	10
	17	33580	1	10
	18	60028	1	8
	19	60029	1	7
	20	60030	1	6
	21	63720	1	70
	22	95002	1	8
	23	73923	1	10
	24	77289	1	4
	25	77290	1	5
	26	77380	1	1
	27	66275	5	400
}
Group	StoneOfWatermap1
{
	Mob	8406
	Type	limit
	level_limit_start	1																																																																													
	level_limit_end 130	
	1	82121	1	400
	2	82122	1	400
	3	38057	1	10
	4	71051	1	35
	5	71052	1	45
	6	37274	1	55
	7	37275	1	50
	8	66275	1	35
	9	49880	1	20
}
Group	StoneOfWatermap2
{
	Mob	8407
	Type	limit
	level_limit_start	1																																																																													
	level_limit_end 130
	1	82121	1	400
	2	82122	1	400
	3	38057	1	10
	4	71051	1	35
	5	71052	1	45
	6	37274	1	55
	7	37275	1	50
	8	66275	1	35
	9	49880	1	20
}
Group	Naturaboss1
{
	Mob	878
	Type	drop
	1	82121	1	70
	2	82122	1	70
	3	38057	1	70
	4	71051	2	40
	5	71052	2	10
	6	63720	2	20
	7	50516	1	70
	8	82127	1	70
	9	30799	1	10
}
Group	Naturaboss2
{
	Mob	879
	Type	drop
	1	82121	1	70
	2	82122	1	70
	3	38057	1	70
	4	71051	2	40
	5	71052	2	10
	6	63720	2	20
	7	50516	1	70
	8	82127	1	70
	9	30799	1	10
}
Group	Naturaboss3
{
	Mob	880
	Type	drop
	1	82121	1	70
	2	82122	1	70
	3	38057	1	70
	4	71051	2	40
	5	71052	2	10
	6	63720	2	20
	7	50516	1	70
	8	82127	1	70
	9	30799	1	10
}

Group	Whitedragonboss
{
	Mob	6791
	Type	drop
	1	82121	1	400
	2	82122	1	400
	3	38057	1	70
	4	71051	2	90
	5	71052	2	90
	6	63720	2	400
	7	50516	1	90
	8	82127	1	90
	9	30799	1	90
	10	33578	1	90
	11	33579	1	90
	12	25041	2	90
	13	60028	1	10
	14	60029	1	10
	15	60030	1	10
	16	55002	1	40
}

Group	SphinxEndboss
{
	Mob	4158
	Type	drop
	1	82121	1	400
	2	82122	1	400
	3	38057	1	70
	4	71051	2	90
	5	71052	2	90
	6	63720	2	400
	7	50516	1	90
	8	82127	1	90
	9	30799	1	90
	10	33578	1	90
	11	33579	1	90
	12	25041	2	90
	13	60028	1	10
	14	60029	1	10
	15	60030	1	10
	16	30806	1	400
	17	55002	1	70
	18	19200	1	30
	19	13290	1	15
	20	95002	1	12
	21	73923	1	80
	22	77289	1	10
	23	77290	1	12
	24	77380	1	3
	25	77762	20	400
	26	77763	20	400
	27	66234	1	50
}

Group	Shadow01
{
	Mob	4361
	Type	drop
	1	30851	1	0.5
	2	30852	1	0.5
	3	30853	1	0.5
}

Group	Shadow02
{
	Mob	4362
	Type	drop
	1	30851	1	0.5
	2	30852	1	0.5
	3	30853	1	0.5
}

Group	Shadow03
{
	Mob	4363
	Type	drop
	1	30851	1	0.5
	2	30852	1	0.5
	3	30853	1	0.5
}

Group	Shadow04
{
	Mob	4364
	Type	drop
	1	30851	1	0.5
	2	30852	1	0.5
	3	30853	1	0.5
}

Group	Shadow05
{
	Mob	4365
	Type	drop
	1	30851	1	0.5
	2	30852	1	0.5
	3	30853	1	0.5
}

Group	Shadow06
{
	Mob	4366
	Type	drop
	1	30851	1	0.5
	2	30852	1	0.5
	3	30853	1	0.5
}

Group	Shadow07
{
	Mob	4367
	Type	drop
	1	30851	1	0.5
	2	30852	1	0.5
	3	30853	1	0.5
}

Group	Shadow08
{
	Mob	4368
	Type	drop
	1	30851	1	0.5
	2	30852	1	0.5
	3	30853	1	0.5
}

Group	Shadow09
{
	Mob	4369
	Type	drop
	1	30851	1	0.5
	2	30852	1	0.5
	3	30853	1	0.5
}

Group	Shadow10
{
	Mob	4370
	Type	drop
	1	30851	1	0.5
	2	30852	1	0.5
	3	30853	1	0.5
}

Group	Shadow11
{
	Mob	4371
	Type	drop
	1	30851	1	0.5
	2	30852	1	0.5
	3	30853	1	0.5
}

Group	Shadow12
{
	Mob	4372
	Type	drop
	1	30851	1	0.5
	2	30852	1	0.5
	3	30853	1	0.5
}

Group	Shadow13
{
	Mob	4373
	Type	drop
	1	30851	1	0.5
	2	30852	1	0.5
	3	30853	1	0.5
}

Group	Shadow14
{
	Mob	4374
	Type	drop
	1	30851	1	0.5
	2	30852	1	0.5
	3	30853	1	0.5
}

Group	Shadow15
{
	Mob	4375
	Type	drop
	1	30851	1	0.5
	2	30852	1	0.5
	3	30853	1	0.5
}

Group	Shadow16
{
	Mob	4376
	Type	drop
	1	30851	1	0.5
	2	30852	1	0.5
	3	30853	1	0.5
}

Group	Shadow17
{
	Mob	4377
	Type	drop
	1	30851	1	0.5
	2	30852	1	0.5
	3	30853	1	0.5
}

Group	Shadow18
{
	Mob	4378
	Type	drop
	1	30851	1	0.5
	2	30852	1	0.5
	3	30853	1	0.5
}

Group	Shadow19
{
	Mob	4379
	Type	drop
	1	30851	1	0.5
	2	30852	1	0.5
	3	30853	1	0.5
}

Group	Shadow20
{
	Mob	4380
	Type	drop
	1	30851	1	0.5
	2	30852	1	0.5
	3	30853	1	0.5
}

Group	Shadow21
{
	Mob	4381
	Type	drop
	1	30851	1	0.5
	2	30852	1	0.5
	3	30853	1	0.5
}

Group	ShadowBoss04
{
	Mob	4384
	Type	drop
	1	30851	1	100
	2	30852	1	90
	3	30853	1	80
	4	30853	1	80
	5	82122	20	100
	6	63720	2	70
	7	50516	1	30
	8	25041	2	50
	9	27992	5	80
	10	53920	1	10
}

Group	ShadowBoss05
{
	Mob	4385
	Type	limit
	level_limit_start	1																																																																												
	level_limit_end 250
	1	30848	1	400
}

Group	ShadowBoss06
{
	Mob	4386
	Type	drop
	1	30851	1	100
	2	30852	1	90
	3	30853	1	80
	4	30853	1	80
	5	82122	20	100
	6	63720	2	70
	7	50516	1	30
	8	25041	2	50
	9	27992	5	80
	10	53920	1	10
}

Group	ShadowBoss07
{
	Mob	4387
	Type	drop
	1	30851	1	100
	2	30852	1	90
	3	30853	1	80
	4	30853	1	80
	5	82122	20	100
	6	63720	2	70
	7	50516	1	30
	8	25041	2	50
	9	27992	5	80
	10	53920	1	10
}

Group	ShadowEndboss
{
	Mob	4388
	Type	drop
	1	30851	1	100
	2	30852	1	90
	3	30853	1	80
	4	30853	1	80
	5	82122	20	100
	6	63720	2	70
	7	50516	1	30
	8	25041	2	50
	9	27992	5	80
	10	53920	1	10
	11	30854	1	100
	12	53930	1	20
	13	53931	1	20
	14	53932	1	20
	15	53933	1	20
	16	53940	1	20
	17	53941	1	20
	18	53942	1	20
	19	53943	1	20
	20	53944	1	20
	21	53945	1	20
	22	55002	1	50
	23	19210	1	25
	24	13290	1	15
	25	95002	1	15
	26	73923	1	60
	27	77289	1	80
	28	77290	1	80
	29	66291	1	10
	30	77380	1	5
	31	77762	20	400
	32	77763	20	400
	33	66234	1	50
}

Group	MetinOfWater
{
	Mob	8095
	Type	drop
	1	82121	1	400
	2	82122	1	400
	3	38057	1	400
	4	71051	1	100
	5	71052	1	100
	6	37274	2	65
	7	37275	2	60
}

Group	KingofCrab
{
	Mob	7773
	Type	drop
	1	82121	1	400
	2	82122	1	400
	3	38057	1	70
	4	71051	2	90
	5	71052	2	90
	6	63720	2	400
	7	50516	1	400
	8	82127	1	90
	9	30799	1	400
	10	33578	1	150
	11	33579	1	150
	12	25041	2	400
	13	60028	1	10
	14	60029	1	10
	15	60030	1	10
	16	30844	1	120
	17	55002	1	50
	18	52280	1	10
	19	52281	1	10
	20	52282	1	10
	21	52283	1	10
	22	95002	1	10
}
Group	Anubis01
{
	Mob	4157
	Type	drop
	1	82122	1	400
	2	63720	1	90
	3	50516	2	70
	4	25041	1	30
	5	27992	2	50
}
Group	Ra01
{
	Mob	4156
	Type	drop
	1	82122	1	400
	2	63720	1	90
	3	50516	2	70
	4	25041	1	30
	5	27992	2	50
}
Group	Basted01
{
	Mob	4155
	Type	drop
	1	82122	1	400
	2	63720	1	90
	3	50516	2	70
	4	25041	1	30
	5	27992	2	50
}
Group	SereventAnubis01
{
	Mob	4154
	Type	drop
	1	82122	1	400
	2	63720	1	90
	3	50516	2	70
	4	25041	1	30
	5	27992	2	50
}

Group	WhitedragonMetin
{
	Mob	8802
	Type	limit
	level_limit_start	1																																																																													
	level_limit_end 155	
	1	82121	1	400
	2	82122	1	400
	3	38057	1	400
	4	71051	1	65
	5	71052	1	75
	6	37274	1	65
	7	37275	1	60
	8	66275	1	40
	9	11721	1	30
	10	49880	1	30
}

Group	SkorbBoss1
{
	Mob	4429
	Type	drop
	1	27992	1	400
	2	71051	1	15
	3	71052	1	30
}

Group	SkorbBossMain
{
	Mob	4430
	Type	drop
	1	55009	1	400
	2	55002	1	50
	3	27992	5	15
	4	47790	1	40
	5	47791	1	40
	6	47792	1	40
	7	47793	1	40
	8	34379	1	25
	9	60028	1	60
	10	60029	1	60
	11	60030	1	60
	12	25041	1	400
	13	90027	1	25
	14	50516	1	400
	15	86003	1	100
	16	86007	1	100
	17	71148	1	75
	18	71149	1	75
	19	19210	1	25
	20	13290	1	15
	21	95002	1	8
	22	73923	1	40
	23	77289	1	10
	24	77290	1	12
	25	66291	1	7
	26	77380	1	5
	27	77762	20	400
	28	77763	20	400
	29	66234	1	50
}
Group	Jungle_Boss1
{
	Mob	4406
	Type	drop
	1	50513	1	70
	2	27987	1	400
	3	85001	1	7
	4	85005	1	7
	5	50621	1	40
	6	50130	1	50
	7	55009	1	39
	8	63720	1	12
}
Group	Jungle_Boss2
{
	Mob	4407
	Type	drop
	1	70102	5	65
	2	50513	1	70
	3	27987	1	400
	4	71015	1	15
	5	71016	1	15
	6	13160	1	25
	7	82137	1	30
	8	82132	1	30
	9	85001	1	7
	10	85005	1	7
	11	50621	1	40
	12	50130	1	75
	13	55009	1	40
	14	63720	1	15
	15	38057	1	80
}
Group	Jungle_Boss3
{
	Mob	4408
	Type	drop
	1	50513	1	400
	2	70102	5	70
	3	30168	1	30
	4	18000	1	35
	5	13160	1	35
	6	82137	1	30
	7	82132	1	30
	8	85001	1	7
	9	85005	1	7
	10	50621	1	65
	11	50130	1	400
	12	55009	1	40
	13	63720	1	30
	14	60028	1	10
	15	60029	1	10
	16	60030	1	10
	17	95002	1	7
	18	73923	1	30
	19	38057	1	80
	20	77289	1	8
	21	77290	1	9
	22	77380	1	2
}
Group	Lava_Field_Boss_1
{
	Mob	4455
	Type	drop
	1	62832	1	400
	2	82122	20	100
	3	71051	2	100
	4	71052	2	100
	5	63720	2	100
	6	25041	2	100
	7	82127	2	80
	8	77760	5	100
	9	77761	5	100
	10	77762	5	100
	11	77763	5	100
	12	60028	1	40
}
Group	Lava_Field_Boss_2
{
	Mob	4456
	Type	drop
	1	62832	1	400
	2	82122	20	100
	3	71051	2	100
	4	71052	2	100
	5	63720	2	100
	6	25041	2	100
	7	82127	2	80
	8	77760	5	100
	9	77761	5	100
	10	77762	5	100
	11	77763	5	100
	12	60029	1	40
}
Group	Lava_Field_Boss_3
{
	Mob	4457
	Type	drop
	1	62832	1	400
	2	82122	20	100
	3	71051	2	100
	4	71052	2	100
	5	63720	2	100
	6	25041	2	100
	7	82127	2	80
	8	77760	5	100
	9	77761	5	100
	10	77762	5	100
	11	77763	5	100
	12	60030	1	20
}
Group	Lava_Stone_01
{
	Mob	8709
	Type	limit
	level_limit_start	1																																																																													
	level_limit_end 200	
	1	82121	1	400
	2	82122	1	400
	3	71051	1	70
	4	71052	1	70
	5	25040	1	60
	6	71015	1	15
	7	71016	1	20
	8	64333	1	200
	9	64334	1	200
	10	64335	1	200
	11	66275	1	25
	12	64330	1	200
	13	64331	1	200
	14	64332	1	200
}
Group	Lava_Stone_02
{
	Mob	8710
	Type	limit
	level_limit_start	1																																																																													
	level_limit_end 200	
	1	82121	1	400
	2	82122	1	400
	3	71051	1	70
	4	71052	1	70
	5	25040	1	60
	6	71015	1	15
	7	71016	1	20
	8	64339	1	200
	9	64340	1	200
	10	64341	1	200
	11	66275	1	25
	12	64330	1	200
	13	64331	1	200
	14	64332	1	200
}
Group	Lava_Stone_03
{
	Mob	8711
	Type	limit
	level_limit_start	1																																																																													
	level_limit_end 200	
	1	82121	1	400
	2	82122	1	400
	3	71051	1	70
	4	71052	1	70
	5	25040	1	60
	6	71015	1	15
	7	71016	1	20
	8	27987	1	60
	9	70102	1	85
	10	66275	1	25
	11	49880	1	30
	12	64336	1	20
	13	64337	1	20
	14	64338	1	20
	15	64330	1	200
	16	64331	1	200
	17	64332	1	200
}
Group	Slime_Queen
{
	Mob	768
	Type	drop
	1	62833	1	400
	2	25041	1	80
	3	38052	2	80
	4	38056	5	100
	5	38057	1	60
	6	77760	5	60
	7	77761	8	60
	8	77289	1	5
	9	77290	1	6
}
Group	Worldboss_Fire
{
	Mob	292
	Type	drop
	1	60028	1	100
	2	60029	1	100
	3	60030	1	100
	4	13290	1	60
	5	19200	1	60
	6	38056	50	100
	7	82120	50	100
	8	82121	50	100
	9	82122	50	100
	10	40560	1	35
	11	40561	1	55
	12	40562	1	55
	13	40563	1	55
	14	40564	1	55
	15	40565	1	55
	16	35630	1	55
	17	35631	1	55
	18	35632	1	55
	19	35633	1	55
	20	52242	1	25
	21	52243	1	25
	22	71143	1	45
	23	71135	1	35
	24	71051	6	100
	25	71052	6	100
	26	77760	75	100
	27	77761	75	100
	28	77762	75	100
	29	77763	75	100
	30	55405	1	65
	31	55406	1	65
	32	55407	1	65
	33	55408	1	65
	34	55409	1	65
	35	55410	1	65
	36	55008	1	100
	37	55002	1	100
	38	73923	2	80
	39	71860	1	15
	40	71861	1	15
	41	77289	1	60
	42	77290	1	65
	43	66291	1	40
	44	77380	1	20
	45	66380	1	60
	46	66381	1	55
	47	66382	1	50
	48	22780	1	35
}
Group	Drachenmetin
{
	Mob	8868
	Type	limit
	level_limit_start	70																																																																													
	level_limit_end 250	
	1	27283	1	400
}
Group	GeisterWaldLord
{
	Mob	2306
	Type	drop
	1	11296	1	50
	2	11496	1	50
	3	11696	1	50
	4	11896	1	50
	5	25040	5	70
	6	27987	10	80
	7	50513	1	400
	8	70043	1	40
	9	39002	1	40
	10	27992	1	70
	11	27993	1	70
	12	27994	1	70
	13	25041	1	10
}
Group	RoterWaldLord
{
	Mob	2307
	Type	drop
	1	11296	1	80
	2	11496	1	80
	3	11696	1	80
	4	11896	1	80
	5	25040	5	90
	6	27987	10	90
	7	50513	1	400
	8	70043	1	60
	9	39002	1	60
	10	27992	1	90
	11	27993	1	90
	12	27994	1	90
	13	25041	1	25
}
Group	Fleshgolem
{
	Mob	4516
	Type	limit
	level_limit_start	1																																																																													
	level_limit_end 250	
	1	30899	1	400
}
Group	Anduns_Catacomb_Boss1
{
	Mob	4506
	Type	drop
	1	82122	20	100
	2	71051	2	100
	3	71052	2	100
	4	63720	2	100
	5	25041	2	100
	6	82127	2	80
	7	77760	5	100
	8	77761	5	100
	9	77762	5	100
	10	77763	5	100
	11	60028	1	40
	12	30897	1	70
	13	30903	10	400
	14	66380	1	20
	15	66381	1	25
	16	66382	1	30
}
Group	Anduns_Catacomb_Boss2
{
	Mob	4507
	Type	drop
	1	82122	20	100
	2	71051	2	100
	3	71052	2	100
	4	63720	2	100
	5	25041	2	100
	6	82127	2	80
	7	77760	5	100
	8	77761	5	100
	9	77762	5	100
	10	77763	5	100
	11	60029	1	40
	12	30897	1	70
	13	30903	10	400
	14	66380	1	20
	15	66381	1	25
	16	66382	1	30
}
Group	Anduns_Catacomb_Boss3
{
	Mob	4508
	Type	drop
	1	82122	20	100
	2	71051	2	100
	3	71052	2	100
	4	63720	2	100
	5	25041	2	100
	6	82127	2	80
	7	77760	5	100
	8	77761	5	100
	9	77762	5	100
	10	77763	5	100
	11	60030	1	20
	12	30897	1	70
	13	30903	10	400
	14	66380	1	20
	15	66381	1	25
	16	66382	1	30
}
Group	Seelen_Dungeon_Boss
{
	Mob	4517
	Type	drop
	1	82121	5	400
	2	82122	5	400
	3	38057	3	70
	4	71051	2	90
	5	71052	2	90
	6	63720	2	400
	7	50516	1	90
	8	82127	1	90
	9	25041	2	90
	10	60028	1	10
	11	60029	1	10
	12	60030	1	10
	13	55002	1	70
	14	95002	1	12
	15	73923	1	80
	16	77289	1	10
	17	77290	1	12
	18	77380	1	3
	19	30904	20	80
	20	30905	20	80
	21	30906	20	80
	22	71143	1	10
	23	64336	20	80
	24	64339	20	80
	25	64333	20	80
	26	64330	20	80
	27	30903	5	80
	28	18900	1	100
	29	77762	20	400
	30	77763	20	400
	31	66234	1	70
	32	66380	1	60
	33	66381	1	55
	34	66382	1	50
}
Group	Andun_Stone_01
{
	Mob	8716
	Type	limit
	level_limit_start	1																																																																													
	level_limit_end 250	
	1	82121	1	400
	2	82122	1	400
	3	71051	1	70
	4	71052	1	70
	5	25040	1	60
	6	71015	1	15
	7	71016	1	20
	8	64333	1	200
	9	66275	3	25
	10	30904	2	50
	11	64333	2	50
	12	30903	1	70
}
Group	Andun_Stone_02
{
	Mob	8717
	Type	limit
	level_limit_start	1																																																																													
	level_limit_end 250	
	1	82121	1	400
	2	82122	1	400
	3	71051	1	70
	4	71052	1	70
	5	25040	1	60
	6	71015	1	15
	7	71016	1	20
	8	64333	1	200
	9	66275	3	25
	10	30905	2	50
	11	64339	2	50
	12	30903	1	70
}
Group	Andun_Stone_03
{
	Mob	8718
	Type	limit
	level_limit_start	1																																																																													
	level_limit_end 250	
	1	82121	1	400
	2	82122	1	400
	3	71051	1	70
	4	71052	1	70
	5	25040	1	60
	6	71015	1	15
	7	71016	1	20
	8	64333	1	200
	9	66275	3	25
	10	30906	2	50
	11	64336	2	50
	12	30903	1	70
}
Group	Azrael_Stone
{
	Mob	8038
	Type	limit
	level_limit_start	1																																																																													
	level_limit_end 250	
	1	55960	1	400
}
Group	Nemere_Stone
{
	Mob	8058
	Type	limit
	level_limit_start	1																																																																													
	level_limit_end 250	
	1	55961	1	400
}
Group	Razador_Stone
{
	Mob	8057
	Type	limit
	level_limit_start	1																																																																													
	level_limit_end 250	
	1	55962	1	400
}
Group	Jotun_Stone
{
	Mob	36270
	Type	limit
	level_limit_start	1																																																																													
	level_limit_end 250	
	1	55964	1	400
}
Group	Hydra_Stone
{
	Mob	20432
	Type	limit
	level_limit_start	1																																																																													
	level_limit_end 250	
	1	55963	1	400
}
Group	Worldboss_Elemental
{
	Mob	2997
	Type	drop
	1	43030	1	25
	2	43032	1	25
	3	43034	1	35
	4	43036	1	35
	5	21906	1	30
	6	21907	1	30
	7	21908	1	30
	8	21909	1	30
	9	21910	1	30
	10	21911	1	30
	11	60028	1	100
	12	60029	1	100
	13	60030	1	100
	14	13290	1	60
	15	19200	1	60
	16	38056	50	100
	17	82120	50	100
	18	82121	50	100
	19	82122	50	100
	20	52242	1	25
	21	52243	1	25
	22	71143	1	45
	23	71135	1	35
	24	71051	6	100
	25	71052	6	100
	26	77760	75	100
	27	77761	75	100
	28	77762	75	100
	29	77763	75	100
	30	55405	1	65
	31	55406	1	65
	32	55407	1	65
	33	55408	1	65
	34	55409	1	65
	35	55410	1	65
	36	55008	1	100
	37	55002	1	100
	38	73923	2	80
	39	71860	1	15
	40	71861	1	15
	41	77289	1	60
	42	77290	1	65
	43	66291	1	40
	44	77380	1	20
	45	66380	1	80
	46	66381	1	70
	47	66382	1	60
	48	22780	1	35
}
Group	Ester_Stone_EvMap
{
	Mob	8041
	Type	limit
	level_limit_start	1																																																																													
	level_limit_end 250	
	1	50025	2	400
	2	50160	1	400
	3	50161	1	400
	4	50162	1	400
	5	50163	1	400
	6	50164	1	400
}
Group	Easter_HighBoss
{
	Mob	4525
	Type	limit
	level_limit_start	1																																																																													
	level_limit_end 250	
	1	82120	25	100
	2	82121	25	100
	3	82122	25	100
	4	30903	25	100
	5	95002	1	15
	6	77760	20	80
	7	77761	20	80
	8	77762	20	80
	9	77763	20	70
	10	77380	1	10
	11	77289	1	15
	12	77290	1	15
	13	55009	2	50
	14	25041	3	15
	15	30907	1	30
	16	82127	3	40
	17	25040	10	400
	18	50130	5	50
	19	86075	1	40
}
Group	Easter_LowBoss
{
	Mob	4103
	Type	limit
	level_limit_start	1																																																																													
	level_limit_end 250	
	1	25041	2	25
	2	63720	2	40
	3	55009	2	40
	4	77289	1	18
	5	77290	1	18
	6	77760	15	75
	7	77761	15	70
	8	77762	15	65
	9	77763	15	45
	10	77380	1	10
	11	71051	5	30
	12	71052	5	30
	13	82127	3	35
	14	95002	1	15
	15	38056	20	40
	16	82120	20	40
	17	82121	20	40
	18	82122	20	40
	19	30907	1	50
	20	25040	10	75
	21	82148	2	45
	22	82290	4	25
	23	55320	1	10
	24	37370	1	8
	25	37371	1	8
	26	37372	1	8
	27	37373	1	8
	28	37374	1	8
	29	37375	1	8
	30	37376	1	8
	31	37377	1	8
	32	37378	1	8
	33	37379	1	8
	34	37380	1	8
}
Group	MelonMetin
{
	Mob	8155
	Type	limit
	level_limit_start	1																																																																													
	level_limit_end 250	
	1	82133	1	15
	2	82139	1	18
	3	82134	1	20
	4	82120	3	55
	5	82121	3	50
	6	44824	2	60
	7	82290	1	20
	8	30322	2	400
	9	25040	3	35
	10	77760	2	40
	11	77761	2	35
	12	77762	2	30
	13	77763	2	25
	14	50130	1	20
	15	38052	1	8
	16	38723	1	400
	17	77250	1	400
	18	77251	1	400
}
Group	BeachBeBoss
{
	Mob	289
	Type	limit
	level_limit_start	1																																																																													
	level_limit_end 250	
	1	82127	1	45
	2	60028	1	15
	3	60029	1	15
	4	60030	1	15
	5	55009	1	45
	6	27994	2	400
	7	27993	2	400
	8	27992	2	400
	9	71052	5	70
	10	71051	5	70
	11	82106	1	20
	12	18080	1	20
	13	30168	2	75
	14	77289	1	35
	15	95002	1	15
	16	73923	1	40
	17	71135	1	25
	18	55001	1	70
	19	82121	10	60
	20	82120	10	60
	21	82122	10	60
	22	38056	10	60
}
