Group	Buffikiste
{
	Vnum	72220
	1	85001	1	1
	2	25041	1	1
	3	82290	1	1
	4	63720	1	1
	5	55001	1	1
	6	55009	1	1	
}	
Group	TruheDerTiergottheiten
{
	Vnum	50126
	1	70102	5	1
	2	11229	1	1
	3	11429	1	1
	4	11629	1	1
	5	11829	1	1
	6	13027	1	1
	7	25040	10	1
	8	44824	5	1
	9	44825	5	1
}
Group	DrachengottTruhe
{
	Vnum	38051
	1	71027	1	10
	2	71028	1	10
	3	71029	1	10
	4	71030	1	10
	5	71044	1	10
	6	71045	1	10
	7	71027	2	10
	8	71028	2	10
	9	71029	2	10
	10	71030	2	10
	11	71044	2	10
	12	71045	2	10
}
Group	Mondlichtschatzruhe
{
	Vnum	50011
	1	25041	1	1
	2	77760	5	1
	3	77761	5	1
	4	77762	5	1
	5	77763	5	1
	6	55408	1	1
	7	55406	1	1
	8	55008	1	1
	9	82106	1	1
	10	85013	1	1
	11	71035	1	1
	12	82290	1	1
	13	82127	1	1
	14	55033	1	1
	15	25040	1	1
	16	63720	1	1
}
Group	PerlenTruhe
{
	Vnum	38057
	1	27992	1	1
	2	27993	1	1
	3	27994	1	1
	4	27987	10	1
	5	27987	5	1
}
Group	FortbildungsTruhe
{
	Vnum	38054
	1	71094	1	1
	2	71001	1	1
	3	71094	2	1
	4	71001	2	1
	5	70102	1	1
}
Group	GottlicheTruhe
{
	Vnum	38052
	1	39002	1	1
	2	71016	1	1
	3	25040	5	1
	4	71021	1	1
	5	71032	1	1
	6	71001	5	1
	7	71094	5	1
	8	25041	1	1
	9	50513	2	1
	10	70102	5	1
	11	71012	1	1
	12	71027	2	1
	13	71028	2	1
	14	71029	2	1
	15	71030	2	1
	16	71044	2	1
	17	71045	2	1
	18	85001	1	1
	19	85005	1	1
}
Group	KostumTruheMaennlich
{
	Vnum	38050
	1	41686	1	1
	2	41687	1	1
	3	45364	1	1
	4	45365	1	1
}
Group	KostumTruheWeiblich
{
	Vnum	38053
	1	41688	1	1
	2	41689	1	1
	3	45366	1	1
	4	45367	1	1
}
Group	OberorkTruhe
{
	Vnum	50070
	1	2135	1	1
	2	1115	1	1
	3	7145	1	1
	4	245	1	1
	5	5105	1	1
	6	145	1	1
	7	11675	1	1
	8	11275	1	1
	9	11475	1	1
	10	11875	1	1
	11	16165	1	1
	12	17165	1	1
	13	14165	1	1
	14	25040	5	1
	15	70012	1	1
	16	27987	5	1
	17	39002	1	1
	18	70043	1	1
	19	50513	2	1
	20	70102	5	1
	21	15204	1	1
	22	30723	1	1
	23	25041	1	0.5
}
Group	Koenigsspinnentruhe
{
	Vnum	50073
	1	2135	1	1
	2	1115	1	1
	3	7145	1	1
	4	245	1	1
	5	5105	1	1
	6	145	1	1
	7	11685	1	1
	8	11285	1	1
	9	11485	1	1
	10	11885	1	1
	11	16205	1	1
	12	17205	1	1
	13	14205	1	1
	14	25040	5	1
	15	70012	1	1
	16	27987	5	1
	17	39002	1	1
	18	70043	1	1
	19	50513	2	1
	20	70102	5	1
	21	15204	1	1
	22	25041	1	0.5
	23	30324	1	1
	24	2145	1	1
}
Group	WuestenschildkroeteTruhe
{
	Vnum	50076
	1	7145	1	1
	2	245	1	1
	3	5105	1	1
	4	3145	1	1
	5	145	1	1
	6	11675	1	1
	7	11275	1	1
	8	11475	1	1
	9	11875	1	1
	10	16185	1	1
	11	17185	1	1
	12	14185	1	1
	13	25040	5	1
	14	70012	1	1
	15	27987	5	1
	16	39002	1	1
	17	70043	1	1
	18	50513	2	1
	19	70102	5	1
	20	15204	1	1
	21	25041	1	0.5
	22	2145	1	1
	23	30723	1	1
}
Group	NeunschwnzTruhe
{
	Vnum	50077
	1	2135	1	1
	2	1115	1	1
	3	7145	1	1
	4	245	1	1
	5	5105	1	1
	6	3145	1	1
	7	11675	1	1
	8	11275	1	1
	9	11475	1	1
	10	11875	1	1
	11	16205	1	1
	12	17205	1	1
	13	14205	1	1
	14	25040	5	1
	15	70012	1	1
	16	27987	5	1
	17	39002	1	1
	18	70043	1	1
	19	50513	2	1
	20	70102	5	1
	21	3135	1	1
	22	15204	1	1
	23	25041	1	0.5
	24	30723	1	1
}
Group	FlammenkoenigTruhe
{
	Vnum	50079
	1	1115	1	1
	2	7145	1	1
	3	245	1	1
	4	5105	1	1
	5	11675	1	1
	6	11275	1	1
	7	11475	1	1
	8	11875	1	1
	9	16165	1	1
	10	17165	1	1
	11	14165	1	1
	12	25040	5	1
	13	70012	1	1
	14	27987	5	1
	15	39002	1	1
	16	70043	1	1
	17	50513	2	1
	18	70102	5	1
	19	155	1	1
	20	3135	1	1
	21	15204	1	1
	22	1105	1	1
	23	25041	1	0.5
	24	30862	1	1
}
Group	GelberTigerGeistTruhe
{
	Vnum	50078
	1	2135	1	1
	2	1115	1	1
	3	7145	1	1
	4	245	1	1
	5	5105	1	1
	6	11675	1	1
	7	11275	1	1
	8	11475	1	1
	9	11875	1	1
	10	16185	1	1
	11	17185	1	1
	12	14185	1	1
	13	25040	5	1
	14	70012	1	1
	15	27987	5	1
	16	39002	1	1
	17	70043	1	1
	18	50513	2	1
	19	70102	5	1
	20	155	1	1
	21	3135	1	1
	22	15204	1	1
	23	1105	1	1
	24	25041	1	0.5
	25	30862	1	1
}
Group	DaemonenkoenigTruhe
{
	Vnum	50081
	1	2135	1	1
	2	1115	1	1
	3	7145	1	1
	4	245	1	1
	5	5105	1	1
	6	3145	1	1
	7	165	1	1
	8	145	1	1
	9	11675	1	1
	10	11275	1	1
	11	11475	1	1
	12	11875	1	1
	13	16185	1	1
	14	17185	1	1
	15	14185	1	1
	16	25040	5	1
	17	70012	1	1
	18	27987	5	1
	19	39002	1	1
	20	70043	1	1
	21	50513	2	1
	22	70102	5	1
	23	155	1	1
	24	3135	1	1
	25	15204	1	1
}
Group	SensenmannTruhe
{
	Vnum	50082
	1	184	1	1
	2	3164	1	1
	3	1134	1	1
	4	2174	1	1
	5	194	1	1
	6	5124	1	1
	7	176	1	1
	8	3156	1	1
	9	1126	1	1
	10	2185	1	1
	11	7156	1	1
	12	256	1	1
	13	11296	1	1
	14	11496	1	1
	15	11696	1	1
	16	11896	1	1
	17	13160	1	0.5
	18	55033	3	1
	19	82106	1	1
}
Group	NemereTruhe
{
	Vnum	50133
	1	18900	1	100
	2	27992	2	100
	3	27993	2	100
	4	27993	2	100
	5	25041	2	100
	6	71143	1	10
	7	85006	1	100
	8	55404	1	100
	9	55009	3	100
	10	33582	1	70
	11	60028	1	15
	12	60029	1	15
	13	60030	1	15
	14	52280	1	15
	15	52281	1	15
	16	52282	1	15
	17	52283	1	15
	18	55033	5	25
	19	82106	1	100
}
Group	RazadorTruhe
{
	Vnum	50134
	1	82106	2	100
	2	82107	5	100
	3	82121	30	100
	4	82122	25	100
	5	55403	1	100
	6	27992	2	100
	7	27993	2	100
	8	27994	2	100
	9	82127	3	100
	10	71135	1	10
	11	60028	1	15
	12	60029	1	15
	13	60030	1	15
	14	33576	1	70
	15	50516	2	100
	16	52280	1	15
	17	52281	1	15
	18	52282	1	15
	19	52283	1	15
	20	55033	5	25
	21	82106	1	100
}
Group	BeranSetaouTruhe
{
	Vnum	50135
	1	186	1	1
	2	3166	1	1
	3	1136	1	1
	4	2176	1	1
	5	196	1	1
	6	5126	1	1
	7	177	1	1
	8	3157	1	1
	9	1127	1	1
	10	2187	1	1
	11	7157	1	1
	12	257	1	1
	13	11297	1	1
	14	11497	1	1
	15	11697	1	1
	16	11897	1	1
	17	15410	1	1
	18	15430	1	1
	19	15390	1	1
	20	15370	1	1
	21	37275	70	1
	22	37274	10	1
	23	37275	8	1
	24	63720	1	1
	25	55033	3	1
	26	82106	1	1
}
Group	MorscheHolzkiste
{
	Vnum	50124
	1	27987	5	100
	2	27992	1	4
	3	27993	1	4
	4	27994	1	4
}
Group	VerbesserungsTruheEins
{
	Vnum	38056
	1	82100	1	1
	2	82101	1	1
	3	82102	1	1
	4	82103	1	1
	5	82104	1	1
	6	82105	1	1
	7	82107	1	1
	8	82108	1	1
	9	82109	1	1
	10	11720	1	1
	11	82210	1	1
}
Group	BiokisteBelohnungOrkzahn
{
	Vnum	50109
	1	50513	3	1
	2	25041	1	1
	3	71015	1	1
	4	71016	1	1
	5	27992	1	1
	6	27993	1	1
	7	27994	1	1
	8	38056	5	1
	9	82106	1	1
	10	85001	1	1
	11	85005	1	1
	12	39002	1	1
}
Group	BiokisteBelohnungFluchsammlung
{
	Vnum	50110
	1	50513	3	1
	2	25041	1	1
	3	71015	1	1
	4	71016	1	1
	5	27992	1	1
	6	27993	1	1
	7	27994	1	1
	8	38056	5	1
	9	82106	1	1
	10	85001	1	1
	11	85005	1	1
	12	39002	1	1
}
Group	BiokisteBelohnungDaemonenandenken
{
	Vnum	50111
	1	50513	3	1
	2	25041	1	1
	3	71015	1	1
	4	71016	1	1
	5	27992	1	1
	6	27993	1	1
	7	27994	1	1
	8	38056	5	1
	9	82106	1	1
	10	85001	1	1
	11	85005	1	1
	12	39002	1	1
}
Group	BiokisteBelohnungEiskugeln
{
	Vnum	50112
	1	50513	3	1
	2	25041	1	1
	3	71015	1	1
	4	71016	1	1
	5	27992	1	1
	6	27993	1	1
	7	27994	1	1
	8	38056	5	1
	9	82106	1	1
	10	85001	1	1
	11	85005	1	1
	12	39002	1	1
}
Group	BiokisteBelohnungZelkovasAst
{
	Vnum	50113
	1	50513	3	1
	2	25041	1	1
	3	71015	1	1
	4	71016	1	1
	5	27992	1	1
	6	27993	1	1
	7	27994	1	1
	8	38056	5	1
	9	82106	1	1
	10	85001	1	1
	11	85005	1	1
	12	39002	1	1
}
Group	BiokisteBelohnungTugyisTafeln
{
	Vnum	50114
	1	50513	3	1
	2	25041	1	1
	3	71015	1	1
	4	71016	1	1
	5	27992	1	1
	6	27993	1	1
	7	27994	1	1
	8	38056	5	1
	9	82106	1	1
	10	85001	1	1
	11	85005	1	1
	12	39002	1	1
}
Group	BiokisteBelohnungRoterGeisterbaumAst
{
	Vnum	50115
	1	50513	3	1
	2	25041	1	1
	3	71015	1	1
	4	71016	1	1
	5	27992	1	1
	6	27993	1	1
	7	27994	1	1
	8	38056	5	1
	9	82106	1	1
	10	85001	1	1
	11	85005	1	1
	12	39002	1	1
}
Group	VerbesserungsTruheZwei
{
	Vnum	82120
	1	82110	1	1
	2	82111	1	1
	3	82112	1	1
	4	82115	1	1
	5	82117	1	1
	6	27991	1	1
}
Group	VerbesserungsTruheDrei
{
	Vnum	82121
	1	82113	1	1
	2	82114	1	1
	3	82116	1	1
	4	82118	1	1
	5	82119	1	1
	6	37274	1	1
	7	37275	1	1
	8	37276	1	1
	9	37277	1	1
	10	11721	1	1
}
Group	UppitemTruhe-Cl2
{
	Vnum	50033
	1	30053	1	1
	2	30072	1	1
	3	30071	1	1
	4	30010	1	1
	5	30040	1	1
	6	30199	1	1
	7	30015	1	1
	8	30086	1	1
	9	30087	1	1
	10	30016	1	1
	11	30049	1	1
	12	30050	1	1
	13	30090	1	1
	14	30088	1	1
	15	30048	1	1
	16	30008	1	1
	17	30078	1	1
	18	30193	1	1
	19	30052	1	1
	20	30019	1	1
	21	30047	1	1
	22	30080	1	1
	23	30116	1	1
	24	30060	1	1
	25	30035	1	1
	26	27799	1	1
	27	30011	1	1
	28	30091	1	1
	29	30197	1	1
	30	30192	1	1
	31	30007	1	1
	32	30076	1	1
	33	30195	1	1
	34	30042	1	1
	35	30030	1	1
	36	30018	1	1
	37	30067	1	1
	38	30082	1	1
	39	30022	1	1
	40	30017	1	1
	41	30031	1	1
	42	30032	1	1
	43	30074	1	1
	44	30075	1	1
	45	30041	1	1
	46	30045	1	1
	47	30055	1	1
	48	30046	1	1
	49	30081	1	1
	50	30058	1	1
	51	30056	1	1
	52	30057	1	1
	53	30059	1	1
	54	30021	1	1
	55	30039	1	1
	56	30085	1	1
	57	30005	1	1
	58	30038	1	1
	59	30009	1	1
	60	30083	1	1
	61	30051	1	1
	62	30079	1	1
	63	30198	1	1
	64	30034	1	1
	65	30073	1	1
	66	30023	1	1
	67	30070	1	1
	68	30014	1	1
	69	30089	1	1
	70	30006	1	1
}

Group	MountsFixbyKev
{
	Vnum	10030
	1	71115	1	1	
	2	71117	1	1	
	3	71119	1	1	
	4	71121	1	1	
	5	71124	1	1	
	6	71125	1	1	
	7	71126	1	1	
	8	71127	1	1	
	9	71128	1	1	
	10	71131	1	1	
	11	71132	1	1	
	12	71133	1	1	
	13	71134	1	1
	14	71135	1	1
	15	71136	1	1
	16	71137	1	1
	17	71138	1	1
	18	71139	1	1
	19	71140	1	1
	20	71141	1	1
	21	71142	1	1
	22	71161	1	1
	23	71164	1	1
	24	71165	1	1
	25	71166	1	1
	26	71171	1	1
	27	71172	1	1
	28	50268	1	1
	29	50271	1	1
	30	50272	1	1
	31	50273	1	1
	32	50274	1	1
	33	50275	1	1
	34	78804	1	1
	35	53220	1	1
	36	53221	1	1
	37	53222	1	1
	38	34117	1	1
	39	34118	1	1
	40	34365	1	1
	41	34367	1	1
	42	34368	1	1
	43	34377	1	1
	44	34378	1	1
	45	34379	1	1
	46	34380	1	1
	47	34381	1	1
	48	34382	1	1
	49	33720	1	1
	50	33721	1	1
	51	33722	1	1
	52	33723	1	1
	53	33724	1	1
	54	33725	1	1
	55	55343	1	1
	56	55344	1	1
	57	55273	1	1
	58	33726	1	1
	59	33727	1	1
	60	33820	1	1
	61	33821	1	1
	62	33822	1	1
	63	33731	1	1
	64	33732	1	1
	65	33733	1	1
	66	33734	1	1
	67	33735	1	1
	68	33737	1	1
	69	33738	1	1
	70	33739	1	1
	71	33740	1	1
	72	33741	1	1
}
Group	TruheDerDunkelheit
{
	Vnum	50254
	1	25041	1	0.3
	2	50513	2	1
	3	11297	1	1
	4	11497	1	1
	5	11697	1	1
	6	11897	1	1
	7	27992	1	1
	8	27993	1	1
	9	27994	1	1
	10	27987	10	1
	11	70102	10	1
	12	85001	1	1
	13	85005	1	1
	14	39002	1	1
	15	85011	1	1
	16	85015	1	1
	17	85021	1	1
	18	86001	1	1
	19	86005	1	1
	20	86011	1	1
	21	86015	1	1
	22	86021	1	1
	23	86025	1	1
	24	86031	1	1
	25	86035	1	1
	26	86041	1	1
	27	86045	1	1
	28	86051	1	1
	29	37275	70	2
}
Group	BioTruheMysteryBox
{
	Vnum	82148
	1	30006	1	1
	2	30047	1	1
	3	30015	1	1
	4	30050	1	1
	5	30165	1	1
	6	30166	1	1
	7	30167	1	1
	8	30251	1	1
	9	30252	1	1
	10	30253	1	1
	11	30168	1	1
}
Group	ErzeTruhe
{
	Vnum	50130
	1	50638	1	1
	2	50623	1	1
	3	50624	1	1
	4	50625	1	1
	5	50626	1	1
	6	50627	1	1
	7	50628	1	1
	8	50629	1	1
	9	50630	1	1
	10	50631	1	1
	11	50632	1	1
	12	50633	1	1
	13	50634	1	1
	14	50635	1	1
	15	50636	1	1
	16	50637	1	1
	17	50639	1	1
	18	50640	1	1
}
Group	BagjanamuTruhe
{
	Vnum	90029
	1	186	1	1
	2	3166	1	1
	3	1136	1	1
	4	2176	1	1
	5	196	1	1
	6	5126	1	1
	7	177	1	1
	8	3157	1	1
	9	1127	1	1
	10	2187	1	1
	11	7157	1	1
	12	257	1	1
	13	11297	1	1
	14	11497	1	1
	15	11697	1	1
	16	11897	1	1
	17	50513	5	1
	18	38052	10	1
	19	27992	3	1
	20	27993	3	1
	21	27994	3	1
	22	85003	1	1
	23	85007	1	1
	24	71051	2	1
	25	71052	2	1
	26	82106	2	1
	27	82121	25	1
	28	90028	1	1
	29	37275	70	1
}
Group	JotunThrymTruhe
{
	Vnum	50266
	1	188	1	1
	2	3168	1	1
	3	1138	1	1
	4	2178	1	1
	5	198	1	1
	6	5128	1	1
	7	178	1	1
	8	3158	1	1
	9	1128	1	1
	10	2188	1	1
	11	7158	1	1
	12	258	1	1
	13	11298	1	1
	14	11498	1	1
	15	11698	1	1
	16	11898	1	1
	24	71051	2	1
	25	71052	2	1
	26	37275	70	1
	27	82106	1	1
}
Group	isTruheeins
{
	Vnum	55922
	1	71135	1	1
	2	71136	1	1
}
Group	isTruhezwei
{
	Vnum	55923
	1	50274	1	1
	2	71125	1	1
}
Group	isTruhedrei
{
	Vnum	55924
	1	50267	1	1
	2	53016	1	1
}
Group	isTruhedfier
{
	Vnum	55925
	1	85001	1	1
	2	85005	1	1
	3	85011	1	1
	4	85015	1	1
	5	85021	1	1
	6	86001	1	1
	7	86005	1	1
	8	86011	1	1
	9	86015	1	1
	10	86021	1	1
	11	86025	1	1
	12	86031	1	1
	13	86035	1	1
	14	86041	1	1
	15	86045	1	1
	16	86051	1	1
}
Group	TruhederAnfuehrer
{
	Vnum	50071
	1	2135	1	1
	2	1115	1	1
	3	7145	1	1
	4	245	1	1
	5	5105	1	1
	6	3145	1	1
	7	165	1	1
	8	145	1	1
	9	11675	1	1
	10	11275	1	1
	11	11475	1	1
	12	11875	1	1
	13	16165	1	1
	14	17165	1	1
	15	14165	1	1
	16	25040	5	1
	17	70012	1	1
	18	27987	5	1
	19	39002	1	1
	20	70043	1	1
	21	50513	2	1
	22	70102	5	1
	23	15204	1	1
	24	39002	1	1
	25	30723	1	1
}
Group	TruheDesDunkelAnfuhrers
{
	Vnum	50072
	1	2135	1	1
	2	1115	1	1
	3	7145	1	1
	4	245	1	1
	5	5105	1	1
	6	3145	1	1
	7	165	1	1
	8	145	1	1
	9	11675	1	1
	10	11275	1	1
	11	11475	1	1
	12	11875	1	1
	13	16165	1	1
	14	17165	1	1
	15	14165	1	1
	16	25040	5	1
	17	70012	1	1
	18	27987	5	1
	19	39002	1	1
	20	70043	1	1
	21	50513	2	1
	22	70102	5	1
	23	15204	1	1
	24	39002	1	1
	25	30723	1	1
}
Group	TruheSpiderBaroness
{
	Vnum	50074
	1	11297	1	1
	2	11497	1	1
	3	11697	1	1
	4	11897	1	1
	5	82290	1	1
	6	82127	1	1
	7	3162	1	1
	8	182	1	1
	9	2172	1	1
	10	192	1	1
	11	1132	1	1
	12	5122	1	1
	13	63720	1	1
	14	85001	1	1
	15	85005	1	1
}
Group	Petbuecher
{
	Vnum	55009
	1	55101	1	85
	2	55102	1	85
	3	55103	1	85
	4	55104	1	85
	5	55106	1	100
	6	55107	1	100
	7	55108	1	100
	8	55109	1	100
	9	55110	1	100
	10	55111	1	100
	11	55112	1	100
	12	55113	1	100
	13	55114	1	100
	14	55115	1	100
	15	55116	1	100
	16	55117	1	100
	17	55118	1	100
	18	55119	1	100
	19	55120	1	100
	20	55121	1	100
	21	55122	1	100
	23	55123	1	100
}
Group	OsterTruhe
{
	Vnum	38724
	1	71135	1	35
	2	77289	1	50
	3	77290	1	50
	4	50130	10	100
	5	71143	1	35
	6	71153	1	50
	7	55009	5	100
	8	70005	1	100
	9	70043	1	100
	10	82122	20	100
	11	30903	20	100
	12	55322	1	10
	13	61150	1	8
	14	33737	1	10
	15	33738	1	10
	16	33739	1	10
}
Group	Sommerventtruheel
{
	Vnum	53920
	1	77289	1	35
	2	73923	1	40
	3	30903	25	80
	4	188	1	10
	5	3168	1	10
	6	5128	1	10
	7	198	1	10
	8	1138	1	10
	9	2178	1	10
	10	95002	1	25
	11	19210	1	8
	12	71143	1	9
	13	71136	1	9
	14	71124	1	9
	15	63720	3	75
	16	82127	5	75
	17	30322	200	75
	18	38723	100	65
}
Group	Starterpacker1
{
	Vnum	77551
	1	71125	1	1
	2	53016	1	1
	3	71136	1	1
}
Group	Starterpacker2
{
	Vnum	77552
	1	71161	1	1
	2	53015	1	1
	3	71143	1	1
	4	18080	1	1
}
Group	Starterpacker3
{
	Vnum	77553
	1	71143	1	1
	2	71135	1	1
	3	50271	1	1
	4	65104	1	1
	5	65202	1	1
	6	65004	1	1
	7	18080	1	1
}
Group	Starterpacker4
{
	Vnum	77554
	1	50268	1	1
	2	50267	1	1
	3	55401	1	1
	4	71143	1	1
	5	71135	1	1
	6	71136	1	1
	7	77720	1	1
	8	90027	1	1
	9	65104	1	1
	10	65202	1	1
	11	65004	1	1
	12	18080	1	1
}
Group	Hydratruhe
{
	Vnum	99100
	1	55405	1	30
	2	34117	1	18
	3	34114	1	18
	4	34115	1	18
	5	27992	10	30
	6	12010	1	30
	7	12020	1	30
	8	12030	1	30
	9	12040	1	30
	10	85007	1	40
	11	85013	1	40
	12	71520	1	25
	13	71521	1	25
	14	71522	1	25
	15	37275	70	1
}
Group	Traenke
{
	Vnum	50127
	1	50821	5	10
	2	50822	5	10
	3	50823	5	10
	4	50824	2	5
	5	50825	3	7
	6	50826	5	10
	7	50813	10	35
	8	50814	10	35
	9	50816	25	40
	10	50817	10	35
	11	50818	10	35
	12	50819	10	35
	13	50820	10	35
}
Group	TruhedesSandes
{
	Vnum	90040
	1	34117	1	18
	2	34114	1	18
	3	34115	1	18
	4	27992	10	30
	5	12010	1	30
	6	12020	1	30
	7	12030	1	30
	8	12040	1	30
	9	85007	1	40
	10	85013	1	40
	11	71520	1	25
	12	71521	1	25
	13	71522	1	25
	14	37275	70	30
}
Group	TruhederWachters
{
	Vnum	90041
	1	34117	1	18
	2	34114	1	18
	3	34115	1	18
	4	27992	10	30
	5	12010	1	30
	6	12020	1	30
	7	12030	1	30
	8	12040	1	30
	9	85007	1	40
	10	85013	1	40
	11	71520	1	25
	12	71521	1	25
	13	71522	1	25
	14	30811	1	30
	15	30807	1	30
}
Group	TruhederBuchers
{
	Vnum	90043
	1	34117	1	18
	2	34114	1	18
	3	34115	1	18
	4	27992	10	30
	5	12010	1	30
	6	12020	1	30
	7	12030	1	30
	8	12040	1	30
	9	85007	1	40
	10	85013	1	40
	11	71520	1	25
	12	71521	1	25
	13	71522	1	25
	14	30811	1	30
	15	30807	1	30
	16	50513	5	50
	17	37275	70	30
	18	55033	3	40
	19	82106	1	35
}
Group	truhedeshaifisches
{
	Vnum	90042
	1	34117	1	18
	2	34114	1	18
	3	34115	1	18
	4	27992	10	30
	5	12010	1	30
	6	12020	1	30
	7	12030	1	30
	8	12040	1	30
	9	85007	1	40
	10	85013	1	40
	11	71520	1	25
	12	71521	1	25
	13	71522	1	25
	14	30811	1	30
	15	30807	1	30
	16	50513	5	50
	17	37275	70	30
	18	55033	4	40
	19	82106	1	35
}
Group	Geschenkgelb
{
	Vnum	50035
	1	25040	5	100
	2	50107	3	100
	3	50010	5	100
	4	71001	3	100
	5	71015	1	100
	6	30807	1	100
	7	30811	1	100
	8	27992	1	100
	9	27993	1	100
	10	27994	1	100
	11	27987	10	100
	12	28430	1	70
	13	28431	1	70
	14	28432	1	70
	15	28433	1	70
	16	28434	1	70
	17	28435	1	70
	18	28436	1	70
	19	28437	1	70
	20	28438	1	70
	21	28439	1	70
	22	28440	1	70
	23	28441	1	70
	24	28442	1	70
	25	28443	1	70
	26	78727	1	100
	27	50515	2	50
	28	78728	1	10
}
Group	Geschenkvio
{
	Vnum	50036
	1	25040	5	100
	2	50107	3	100
	3	50010	5	100
	4	71001	3	100
	5	71015	1	100
	6	30807	1	100
	7	30811	1	100
	8	27992	1	100
	9	27993	1	100
	10	27994	1	100
	11	27987	10	100
	12	28430	1	70
	13	28431	1	70
	14	28432	1	70
	15	28433	1	70
	16	28434	1	70
	17	28435	1	70
	18	28436	1	70
	19	28437	1	70
	20	28438	1	70
	21	28439	1	70
	22	28440	1	70
	23	28441	1	70
	24	28442	1	70
	25	28443	1	70
	26	78727	1	100
	27	50515	2	50
	28	78728	1	10
}
Group	Santageschenk
{
	Vnum	90044
	1	25040	20	70
	2	50107	3	90
	3	50010	5	50
	4	71001	3	80
	5	71015	1	80
	6	27992	3	60
	7	27993	3	55
	8	27994	3	50
	9	27987	50	20
	10	25041	2	50
	11	27992	5	40
	12	34366	1	3
	13	50342	1	40
	14	50515	5	40
	15	55403	1	20
	16	55404	1	20
	17	85003	1	10
	18	85007	1	10
	19	85013	1	10
	20	85017	1	10
	21	85023	1	10
	22	53003	1	5
	23	78728	1	15
}
Group	fischermantruhe
{
	Vnum	90045
	1	50513	5	100
	2	25040	5	100
	3	25041	2	40
	4	30807	1	100
	5	37274	15	100
	6	37275	10	100
	7	37276	5	100
}

Group	Luckychest1
{
	Vnum	48300
	1	48305	1	100
	2	48305	1	100
	3	48305	1	100
	4	48305	1	100
	5	48305	1	100
	6	48305	1	100
	7	48305	1	100
	8	48305	1	100
	9	55590	1	70
	10	48305	1	100
	11	55591	1	70
	12	48305	1	100
	13	48305	1	100
	14	55592	1	70
	15	48305	1	100
	16	48305	1	100
	17	48305	1	100
	18	55593	1	70
	19	48305	1	100
	20	48305	1	100
	21	55594	1	70
	22	48305	1	100
	23	48305	1	100
	24	48305	1	100
	25	48305	1	100
	26	55595	1	70
	27	48305	1	100
	28	48305	1	100
	29	48305	1	100
	30	48305	1	100
}

Group	Luckychest2
{
	Vnum	48301
	1	48305	1	100
	2	48305	1	100
	3	48305	1	100
	4	48305	1	100
	5	48305	1	100
	6	48305	1	100
	7	48305	1	100
	8	48305	1	100
	9	55596	1	70
	10	48305	1	100
	11	55597	1	70
	12	48305	1	100
	13	48305	1	100
	14	55598	1	70
	15	48305	1	100
	16	48305	1	100
	17	48305	1	100
	18	55599	1	70
	19	48305	1	100
	20	48305	1	100
	21	55600	1	70
	22	48305	1	100
	23	48305	1	100
	24	48305	1	100
	25	48305	1	100
	26	55601	1	70
	27	48305	1	100
	28	48305	1	100
	29	48305	1	100
	30	48305	1	100
}

Group	Luckychest3
{
	Vnum	48302
	1	48305	1	100
	2	48305	1	100
	3	48305	1	100
	4	48305	1	100
	5	48305	1	100
	6	48305	1	100
	7	48305	1	100
	8	48305	1	100
	9	55602	1	70
	10	48305	1	100
	11	55603	1	70
	12	48305	1	100
	13	48305	1	100
	14	55604	1	70
	15	48305	1	100
	16	48305	1	100
	17	48305	1	100
	18	55605	1	70
	19	48305	1	100
	20	48305	1	100
	21	55606	1	70
	22	48305	1	100
	23	48305	1	100
	24	48305	1	100
	25	48305	1	100
	26	55607	1	70
	27	48305	1	100
	28	48305	1	100
	29	48305	1	100
	30	48305	1	100
}

Group	Luckychest3
{
	Vnum	48303
	1	48305	1	100
	2	48305	1	100
	3	48305	1	100
	4	48305	1	100
	5	48305	1	100
	6	48305	1	100
	7	48305	1	100
	8	48305	1	100
	9	55608	1	70
	10	48305	1	100
	11	55609	1	70
	12	48305	1	100
	13	48305	1	100
	14	55610	1	70
	15	48305	1	100
	16	48305	1	100
	17	48305	1	100
	18	55611	1	70
	19	48305	1	100
	20	48305	1	100
	21	55612	1	70
	22	48305	1	100
	23	48305	1	100
	24	48305	1	100
	25	48305	1	100
	26	55613	1	70
	27	48305	1	100
	28	48305	1	100
	29	48305	1	100
	30	48305	1	100
}

Group	Luckychest4
{
	Vnum	48304
	1	48305	1	100
	2	48305	1	100
	3	48305	1	100
	4	48305	1	100
	5	48305	1	100
	6	48305	1	100
	7	48305	1	100
	8	48305	1	100
	9	55614	1	70
	10	48305	1	100
	11	55615	1	70
	12	48305	1	100
	13	48305	1	100
	14	55616	1	70
	15	48305	1	100
	16	48305	1	100
	17	48305	1	100
	18	55617	1	70
	19	48305	1	100
	20	48305	1	100
	21	55618	1	70
	22	48305	1	100
	23	48305	1	100
	24	48305	1	100
	25	48305	1	100
	26	55619	1	70
	27	48305	1	100
	28	48305	1	100
	29	48305	1	100
	30	48305	1	100
}

Group	Dunkeldrachentruhes
{
	Vnum	49880
	1	37275	5	100
	2	37276	1	30
	3	37277	1	30
}

Group	Verbesserungstruheviwer
{
	Vnum	82122
	1	64330	1	90
	2	64331	1	90
	3	64332	1	90
	4	64333	1	70
	5	64334	1	70
	6	64335	1	70
	7	64336	1	75
	8	64337	1	75
	9	64338	1	75
	10	64339	1	95
	11	64340	1	95
	12	64341	1	95
}

Group	SiegelKiste
{
	Vnum	82127
	1	30179	1	100
	2	30319	1	100
	3	30324	1	100
	4	71095	1	100
	5	90028	1	100
	6	50342	1	100
	7	30811	1	100
	8	30807	1	100
	9	77453	1	100
	10	30781	1	100
	11	30799	1	100
	12	30844	1	100
	13	30877	1	100
	14	30862	1	100
	15	30723	1	100
	16	72052	1	100
	17	30897	1	100
}

Group	Pyramidentruhe
{
	Vnum	30806
	1	34117	1	18
	2	34114	1	18
	3	34115	1	18
	4	27992	10	30
	5	33490	1	20
	6	33590	1	20
	7	33690	1	20
	8	33790	1	20
	9	85007	1	40
	10	85013	1	40
	11	71520	1	25
	12	71521	1	25
	13	71522	1	25
	14	30811	1	30
	15	30807	1	30
	16	50513	5	50
	17	37275	70	30
	18	63720	5	30
	19	30799	1	40
	20	60028	1	20
	21	60029	1	20
	22	60030	1	20
	23	52280	1	10
	24	52281	1	10
	25	52282	1	10
	26	52283	1	10
	27	55033	5	40
	28	82106	1	15
}

Group	Shadowtruhe
{
	Vnum	30854
	1	30851	1	100
	2	30852	1	90
	3	30853	1	80
	4	82122	20	100
	5	63720	2	70
	6	50516	1	30
	7	25041	2	50
	8	27992	5	80
	9	53920	1	10
	10	52280	1	10
	11	52281	1	10
	12	52282	1	10
	13	52283	1	10
	14	55033	5	40
	15	82106	1	70
	16	71860	1	4
	17	71861	1	4
}

Group	Okaybronze
{
	Vnum	71196
	1	25040	5	100
	2	71094	5	100
	3	71001	5	100
	4	27992	2	100
	5	27993	2	100
	6	27994	2	100
	7	50513	3	100
	8	50517	1	100
	9	85005	1	100
	10	71107	1	100
	11	71520	1	100
}

Group	Okaysilber
{
	Vnum	71195
	1	25041	1	100
	2	71051	2	100
	3	71052	2	100
	4	85013	1	100
	5	37274	1	100
	6	55009	1	100
	7	63720	1	100
	8	18080	1	100
	9	71521	1	100
}

Group	Okaygold
{
	Vnum	71194
	1	71663	1	100
	2	60028	1	100
	3	60029	1	25
	4	60030	1	25
	5	71522	1	25
	6	30781	2	100
	7	53025	1	100
	8	53024	1	100
	9	25041	4	100
}

Group	KonigsScorpiontruhe
{
	Vnum	30881
	1	82122	20	100
	2	63720	2	70
	3	50516	1	30
	4	25041	2	50
	5	27992	5	80
	6	60028	1	20
	7	60029	1	18
	8	60030	1	15
	9	52280	1	10
	10	52281	1	10
	11	52282	1	10
	12	52283	1	10
	13	55033	10	50
	14	82106	1	70
	15	71860	1	4
	16	71861	1	4
}

Group	Jungletruhe
{
	Vnum	30867
	1	1115	1	1
	2	7145	1	1
	3	5105	1	1
	4	11675	1	1
	5	11275	1	1
	6	11475	1	1
	7	11875	1	1
	8	16165	1	1
	9	17165	1	1
	10	14165	1	1
	11	25040	5	1
	12	70012	1	1
	13	27987	5	1
	14	39002	1	1
	15	70043	1	1
	16	50513	2	1
	17	70102	5	1
	18	15204	1	1
	19	25041	2	1
	20	50516	1	1
	21	50517	2	1
	22	71994	1	1
	23	71995	1	1
	24	82127	2	1
	25	52280	1	1
	26	52281	1	1
	27	52282	1	1
	28	52283	1	1
	29	55033	3	1
	30	82106	1	1
	31	1107	1	1
	32	157	1	1
	33	3137	1	1
	34	7147	1	1
	35	5107	1	1
	36	2147	1	1
}

Group	TruheKrieger
{
	Vnum	44820
	1	50401	1	100
	2	50402	1	100
	3	50403	1	100
	4	50404	1	100
	5	50405	1	100
	6	50416	1	100
	7	50417	1	100
	8	50418	1	100
	9	50419	1	100
	10	50420	1	100
}

Group	TruheNinja
{
	Vnum	44821
	1	50431	1	100
	2	50432	1	100
	3	50433	1	100
	4	50434	1	100
	5	50435	1	100
	6	50446	1	100
	7	50447	1	100
	8	50448	1	100
	9	50449	1	100
	10	50450	1	100
}

Group	TruheSura
{
	Vnum	44822
	1	50461	1	100
	2	50462	1	100
	3	50463	1	100
	4	50464	1	100
	5	50465	1	100
	6	50466	1	100
	7	50476	1	100
	8	50477	1	100
	9	50478	1	100
	10	50479	1	100
	11	50480	1	100
	12	50481	1	100
}

Group	TruheSchamane
{
	Vnum	44823
	1	50491	1	100
	2	50492	1	100
	3	50493	1	100
	4	50494	1	100
	5	50495	1	100
	6	50496	1	100
	7	50506	1	100
	8	50507	1	100
	9	50508	1	100
	10	50509	1	100
	11	50510	1	100
	12	50511	1	100
}

Group	TruheesFeuers
{
	Vnum	62832
	1	55405	1	100
	2	55406	1	100
	3	55407	1	100
	4	55408	1	100
	5	55409	1	100
	6	57720	1	40
	7	57721	1	40
	8	57722	1	40
	9	57723	1	40
	10	57724	1	40
	11	57725	1	40
	12	71994	1	2
	13	71995	1	2
	14	63720	1	80
	15	60028	1	2
	16	60029	1	2
	17	60030	1	2
	18	55009	1	80
	19	55008	1	40
	20	95002	1	10
}

Group	SchleimTruhe
{
	Vnum	62833
	1	25041	1	100
	2	27987	10	100
	3	50517	2	100
	4	13160	1	10
	5	95002	1	5
	6	55033	2	100
	7	82106	1	30
	8	12670	1	30
	9	12530	1	30
	10	12390	1	30
	11	12260	1	30
}

Group	BuffiTruheAnelia2
{
	Vnum	72181
	1	92010	5	100
	2	92011	1	80
}

Group	SkillKostumTruhe
{
	Vnum	73923
	1	82001	1	100
	2	82002	1	100
	3	82003	1	100
	4	82004	1	100
	5	82005	1	100
	6	82006	1	100
	7	82007	1	100
	8	82008	1	100
	9	82009	1	100
	10	82010	1	100
	11	82011	1	100
	12	82012	1	100
	13	82013	1	100
	14	82014	1	100
	15	82015	1	100
	16	82016	1	100
	17	82017	1	100
	18	82018	1	100
	19	82019	1	100
	20	82020	1	100
	21	82021	1	100
	22	82022	1	100
	23	82023	1	100
	24	82024	1	100
	25	82025	1	100
	26	82026	1	100
	27	82027	1	100
	28	82028	1	100
	29	82029	1	100
	30	82030	1	100
	31	82031	1	100
	32	82032	1	100
	33	82033	1	100
	34	82034	1	100
	35	82035	1	100
	36	82036	1	100
	37	82037	1	100
	38	82038	1	100
	39	82039	1	100
	40	82040	1	100
	41	82041	1	100
	42	82042	1	100
	43	82043	1	100
	44	82044	1	100
}
Group	PetFutterTruhe1
{
	Vnum	74820
	1	77760	25	100
}
Group	PetFutterTruhe2
{
	Vnum	74821
	1	77761	25	100
}
Group	PetFutterTruhe3
{
	Vnum	74822
	1	77762	25	100
}
Group	PetFutterTruhe4
{
	Vnum	74823
	1	77763	25	100
}
Group	BuffiTruheAn2
{
	Vnum	66291
	1	91011	1	100
}
Group	VerbesserungTruhe5
{
	Vnum	30903
	1	30904	2	100
	2	30905	2	100
	3	30906	2	100
	4	64336	2	100
	5	64330	2	100
	6	64339	2	100
	7	64333	2	100
	8	37275	2	100
	9	11721	2	100
}
Group	SteineTruheAn2
{
	Vnum	30907
	1	28430	1	100
	2	28431	1	100
	3	28432	1	100
	4	28433	1	100
	5	28434	1	100
	6	28435	1	100
	7	28436	1	100
	8	28437	1	100
	9	28438	1	100
	10	28439	1	100
	11	28440	1	100
	12	28441	1	100
	13	28442	1	100
	14	28443	1	100
}
Group	Seelen_Dungeon_Truhe
{
	Vnum	30902
	1	77289	1	100
	2	77290	1	100
	3	95002	1	100
	4	77380	1	100
	5	25041	3	100
	6	25041	3	100
	7	71330	1	40
	8	30904	20	100
	9	30905	20	100
	10	30906	20	100
	11	43010	1	2
	12	43012	1	2
	13	43022	1	2
	14	43020	1	2
}
Group	Fruhlings_kiste
{
	Vnum	52760
	1	38870	1	10
	2	38871	1	10
	3	38872	1	10
	4	38873	1	10
	5	25041	1	30
	6	70039	1	100
	7	77761	5	100
	8	77762	5	100
	9	77763	5	100
	10	72220	1	100
	11	38052	1	100
	12	82127	1	100
	13	38056	5	100
	14	82120	5	100
	15	82121	5	100
	16	82122	5	100
	17	30903	5	100
	18	50130	5	100
}
Group	Legendwald_truhe
{
	Vnum	52761
	1	38056	15	100
	2	82120	15	100
	3	82121	15	100
	4	82122	15	100
	5	30903	15	100
	6	82127	3	100
	7	25041	3	40
	8	37850	1	100
	9	37854	1	100
	10	38874	1	8
	11	38875	1	8
	12	38876	1	8
	13	38877	1	8
	14	38878	1	8
	15	38879	1	8
	16	86065	1	25
}
Group	jub_truhe
{
	Vnum	52769
	1	71032	1	100
	2	71021	1	100
	3	70039	1	100
	4	25041	1	100
	5	85023	1	20
	6	55033	1	100
	7	55407	1	30
	8	55009	1	30
	9	77761	10	40
	10	77762	10	35
	11	77763	10	30
	12	50130	2	15
	13	82127	2	20
	14	82290	10	20
	15	27987	10	80
	16	30903	5	25
	17	38056	10	25
}
Group	OsterTruhe_Normal
{
	Vnum	30917
	1	71032	1	100
	2	71021	1	100
	3	70039	1	100
	4	25041	1	100
	5	86072	1	20
	6	55033	1	100
	7	55407	1	30
	8	55009	1	30
	9	77761	10	40
	10	77762	10	35
	11	77763	10	30
	12	50130	2	15
	13	82127	2	20
	14	82290	10	20
	15	27987	10	80
	16	30903	5	25
	17	38056	10	25
	18	55323	1	25
	19	86075	1	35
}
Group	OsterTruhe_Selten
{
	Vnum	30918
	1	71032	1	100
	2	71021	1	100
	3	70039	1	100
	4	25041	1	100
	5	86072	1	20
	6	55033	1	100
	7	55407	1	30
	8	55009	1	30
	9	77761	10	40
	10	77762	10	35
	11	77763	10	30
	12	50130	2	15
	13	82127	2	20
	14	82290	10	20
	15	27987	10	80
	16	30903	5	25
	17	38056	10	25
	18	55321	1	25
	19	37390	1	25
	20	37391	1	25
	21	37392	1	25
	22	37393	1	25
	23	37394	1	25
	24	37395	1	25
	25	37396	1	25
	26	37397	1	25
	27	37398	1	25
	28	37399	1	25
	29	37400	1	25
	30	86075	1	40
}
Group	Edelsteintruhe
{
	Vnum	66234
	1	50638	2	100
	2	50635	2	100
	3	50637	2	100
	4	50636	2	100
	5	18900	1	100
}
