r	660	232	10	10	0	0	45s	100	1	2411
r	508	235	10	10	0	0	45s	100	1	2412
r	656	240	10	10	0	0	45s	100	1	2411
r	1130	241	10	10	0	0	45s	100	1	2412
r	510	244	10	10	0	0	45s	100	1	2411
r	1104	245	10	10	0	0	45s	100	1	2411
r	1131	245	10	10	0	0	45s	100	1	2412
r	321	249	10	10	0	0	45s	100	1	2411
r	1339	249	10	10	0	0	45s	100	1	2411
r	363	250	10	10	0	0	45s	100	1	2411
r	1007	254	10	10	0	0	45s	100	1	2411
r	1322	254	10	10	0	0	45s	100	1	2411
r	686	256	10	10	0	0	45s	100	1	2412
r	1186	258	10	10	0	0	45s	100	1	2411
r	957	259	10	10	0	0	45s	100	1	2412
r	861	260	10	10	0	0	45s	100	1	2411
r	911	262	10	10	0	0	45s	100	1	2412
r	566	263	10	10	0	0	45s	100	1	2411
r	697	270	10	10	0	0	45s	100	1	2411
r	1088	270	10	10	0	0	45s	100	1	2411
r	939	277	10	10	0	0	45s	100	1	2411
r	884	278	10	10	0	0	45s	100	1	2412
r	1320	279	10	10	0	0	45s	100	1	2411
r	940	280	10	10	0	0	45s	100	1	2412
r	676	284	10	10	0	0	45s	100	1	2411
r	1230	284	10	10	0	0	45s	100	1	2411
r	467	288	10	10	0	0	45s	100	1	2411
r	1351	288	10	10	0	0	45s	100	1	2411
r	225	293	10	10	0	0	45s	100	1	2411
r	325	299	10	10	0	0	45s	100	1	2412
r	1326	302	10	10	0	0	45s	100	1	2412
r	333	304	10	10	0	0	45s	100	1	2411
r	905	329	10	10	0	0	45s	100	1	2412
r	606	331	10	10	0	0	45s	100	1	2412
r	596	333	10	10	0	0	45s	100	1	2411
r	1028	336	10	10	0	0	45s	100	1	2412
r	1337	338	10	10	0	0	45s	100	1	2411
r	1025	340	10	10	0	0	45s	100	1	2412
r	1204	340	10	10	0	0	45s	100	1	2411
r	920	341	10	10	0	0	45s	100	1	2411
r	1030	344	10	10	0	0	45s	100	1	2411
r	1138	351	10	10	0	0	45s	100	1	2412
r	432	352	10	10	0	0	45s	100	1	2411
r	603	352	10	10	0	0	45s	100	1	2411
r	452	354	10	10	0	0	45s	100	1	2411
r	355	356	10	10	0	0	45s	100	1	2411
r	738	356	10	10	0	0	45s	100	1	2411
r	1135	356	10	10	0	0	45s	100	1	2412
r	248	360	10	10	0	0	45s	100	1	2412
r	1104	361	10	10	0	0	45s	100	1	2411
r	340	371	10	10	0	0	45s	100	1	2411
r	920	376	10	10	0	0	45s	100	1	2412
r	1069	377	10	10	0	0	45s	100	1	2412
r	1216	378	10	10	0	0	45s	100	1	2412
r	248	382	10	10	0	0	45s	100	1	2412
r	1352	392	10	10	0	0	45s	100	1	2412
r	246	396	10	10	0	0	45s	100	1	2411
r	1307	400	10	10	0	0	45s	100	1	2412
r	1354	404	10	10	0	0	45s	100	1	2411
r	250	405	10	10	0	0	45s	100	1	2412
r	228	415	10	10	0	0	45s	100	1	2412
r	1320	436	10	10	0	0	45s	100	1	2412
r	1202	517	10	10	0	0	45s	100	1	2412
r	365	538	10	10	0	0	45s	100	1	2412
r	1246	540	10	10	0	0	45s	100	1	2412
r	369	543	10	10	0	0	45s	100	1	2412
r	375	551	10	10	0	0	45s	100	1	2411
r	1207	564	10	10	0	0	45s	100	1	2411
r	367	572	10	10	0	0	45s	100	1	2412
r	249	578	10	10	0	0	45s	100	1	2412
r	229	595	10	10	0	0	45s	100	1	2411
r	244	615	10	10	0	0	45s	100	1	2411
r	1238	686	10	10	0	0	45s	100	1	2411
r	316	687	10	10	0	0	45s	100	1	2412
r	1232	697	10	10	0	0	45s	100	1	2412
r	231	701	10	10	0	0	45s	100	1	2412
r	267	707	10	10	0	0	45s	100	1	2411
r	240	713	10	10	0	0	45s	100	1	2411
r	225	719	10	10	0	0	45s	100	1	2411
r	1256	723	10	10	0	0	45s	100	1	2411
r	218	748	10	10	0	0	45s	100	1	2412
r	240	753	10	10	0	0	45s	100	1	2412
r	259	758	10	10	0	0	45s	100	1	2411
r	1227	765	10	10	0	0	45s	100	1	2412
r	1235	785	10	10	0	0	45s	100	1	2411
r	1327	796	10	10	0	0	45s	100	1	2412
r	1329	819	10	10	0	0	45s	100	1	2411
r	1328	828	10	10	0	0	45s	100	1	2412
r	251	854	10	10	0	0	45s	100	1	2411
r	1325	867	10	10	0	0	45s	100	1	2411
r	1225	883	10	10	0	0	45s	100	1	2412
r	1252	901	10	10	0	0	45s	100	1	2412
r	312	922	10	10	0	0	45s	100	1	2411
r	1302	922	10	10	0	0	45s	100	1	2411
r	250	923	10	10	0	0	45s	100	1	2412
r	1246	924	10	10	0	0	45s	100	1	2412
r	1329	925	10	10	0	0	45s	100	1	2411
r	1328	926	10	10	0	0	45s	100	1	2411
r	240	927	10	10	0	0	45s	100	1	2411
r	1329	929	10	10	0	0	45s	100	1	2412
r	1331	943	10	10	0	0	45s	100	1	2411
r	238	944	10	10	0	0	45s	100	1	2412
r	240	985	10	10	0	0	45s	100	1	2411
r	1230	1007	10	10	0	0	45s	100	1	2411
r	322	1011	10	10	0	0	45s	100	1	2411
r	1328	1029	10	10	0	0	45s	100	1	2412
r	1375	1042	10	10	0	0	45s	100	1	2411
r	265	1044	10	10	0	0	45s	100	1	2412
r	1367	1044	10	10	0	0	45s	100	1	2411
r	1227	1051	10	10	0	0	45s	100	1	2412
r	221	1052	10	10	0	0	45s	100	1	2412
r	596	1057	10	10	0	0	45s	100	1	2412
r	1345	1059	10	10	0	0	45s	100	1	2411
r	1361	1060	10	10	0	0	45s	100	1	2412
r	1226	1061	10	10	0	0	45s	100	1	2411
r	1228	1062	10	10	0	0	45s	100	1	2411
r	274	1068	10	10	0	0	45s	100	1	2411
r	1235	1070	10	10	0	0	45s	100	1	2411
r	326	1073	10	10	0	0	45s	100	1	2411
r	627	1078	10	10	0	0	45s	100	1	2412
r	1229	1083	10	10	0	0	45s	100	1	2412
r	753	1086	10	10	0	0	45s	100	1	2412
r	608	1087	10	10	0	0	45s	100	1	2412
r	715	1087	10	10	0	0	45s	100	1	2411
r	441	1088	10	10	0	0	45s	100	1	2411
r	809	1092	10	10	0	0	45s	100	1	2412
r	543	1093	10	10	0	0	45s	100	1	2412
r	967	1093	10	10	0	0	45s	100	1	2412
r	458	1095	10	10	0	0	45s	100	1	2412
r	513	1097	10	10	0	0	45s	100	1	2411
r	567	1099	10	10	0	0	45s	100	1	2411
r	246	1100	10	10	0	0	45s	100	1	2412
r	970	1103	10	10	0	0	45s	100	1	2411
r	625	1104	10	10	0	0	45s	100	1	2412
r	1174	1106	10	10	0	0	45s	100	1	2412
r	990	1107	10	10	0	0	45s	100	1	2412
r	991	1107	10	10	0	0	45s	100	1	2412
r	856	1110	10	10	0	0	45s	100	1	2412
r	1193	1112	10	10	0	0	45s	100	1	2412
r	1129	1115	10	10	0	0	45s	100	1	2411
r	731	1116	10	10	0	0	45s	100	1	2412
r	1259	1117	10	10	0	0	45s	100	1	2412
r	1001	1118	10	10	0	0	45s	100	1	2411
r	1031	1122	10	10	0	0	45s	100	1	2411
r	1266	1125	10	10	0	0	45s	100	1	2411
r	1117	1126	10	10	0	0	45s	100	1	2411
r	708	1128	10	10	0	0	45s	100	1	2411
r	828	1134	10	10	0	0	45s	100	1	2412
r	1228	1134	10	10	0	0	45s	100	1	2412
r	1114	1135	10	10	0	0	45s	100	1	2411
r	964	1136	10	10	0	0	45s	100	1	2411
r	956	1141	10	10	0	0	45s	100	1	2411
r	593	1184	10	10	0	0	45s	100	1	2412
r	842	1184	10	10	0	0	45s	100	1	2412
r	606	1188	10	10	0	0	45s	100	1	2412
r	1123	1191	10	10	0	0	45s	100	1	2412
r	240	1194	10	10	0	0	45s	100	1	2411
r	1341	1199	10	10	0	0	45s	100	1	2411
r	1349	1199	10	10	0	0	45s	100	1	2412
r	1099	1201	10	10	0	0	45s	100	1	2412
r	1134	1204	10	10	0	0	45s	100	1	2411
r	1220	1205	10	10	0	0	45s	100	1	2412
r	454	1207	10	10	0	0	45s	100	1	2411
r	820	1207	10	10	0	0	45s	100	1	2411
r	1286	1208	10	10	0	0	45s	100	1	2412
r	754	1210	10	10	0	0	45s	100	1	2412
r	1342	1210	10	10	0	0	45s	100	1	2411
r	594	1211	10	10	0	0	45s	100	1	2412
r	760	1211	10	10	0	0	45s	100	1	2411
r	1305	1212	10	10	0	0	45s	100	1	2412
r	583	1216	10	10	0	0	45s	100	1	2412
r	1344	1216	10	10	0	0	45s	100	1	2411
r	1213	1217	10	10	0	0	45s	100	1	2412
r	974	1218	10	10	0	0	45s	100	1	2411
r	1263	1218	10	10	0	0	45s	100	1	2412
r	256	1219	10	10	0	0	45s	100	1	2412
r	918	1219	10	10	0	0	45s	100	1	2412
r	434	1220	10	10	0	0	45s	100	1	2411
r	571	1220	10	10	0	0	45s	100	1	2411
r	667	1220	10	10	0	0	45s	100	1	2411
r	265	1222	10	10	0	0	45s	100	1	2412
r	244	1227	10	10	0	0	45s	100	1	2411
r	815	1227	10	10	0	0	45s	100	1	2412
r	220	1230	10	10	0	0	45s	100	1	2411
r	1117	1232	10	10	0	0	45s	100	1	2412
r	263	1237	10	10	0	0	45s	100	1	2412
r	1089	154	10	10	0	0	45s	100	1	2414
r	1463	157	10	10	0	0	45s	100	1	2413
r	530	166	10	10	0	0	45s	100	1	2413
r	605	166	10	10	0	0	45s	100	1	2414
r	1434	167	10	10	0	0	45s	100	1	2414
r	340	168	10	10	0	0	45s	100	1	2413
r	664	169	10	10	0	0	45s	100	1	2414
r	730	169	10	10	0	0	45s	100	1	2413
r	1407	169	10	10	0	0	45s	100	1	2414
r	593	170	10	10	0	0	45s	100	1	2413
r	788	170	10	10	0	0	45s	100	1	2413
r	344	171	10	10	0	0	45s	100	1	2413
r	474	171	10	10	0	0	45s	100	1	2413
r	1132	171	10	10	0	0	45s	100	1	2414
r	1300	171	10	10	0	0	45s	100	1	2414
r	1025	172	10	10	0	0	45s	100	1	2413
r	1115	172	10	10	0	0	45s	100	1	2413
r	484	174	10	10	0	0	45s	100	1	2413
r	458	175	10	10	0	0	45s	100	1	2414
r	635	175	10	10	0	0	45s	100	1	2413
r	921	175	10	10	0	0	45s	100	1	2414
r	629	176	10	10	0	0	45s	100	1	2413
r	817	176	10	10	0	0	45s	100	1	2413
r	891	176	10	10	0	0	45s	100	1	2414
r	1053	176	10	10	0	0	45s	100	1	2414
r	1106	176	10	10	0	0	45s	100	1	2414
r	307	177	10	10	0	0	45s	100	1	2413
r	511	177	10	10	0	0	45s	100	1	2413
r	717	178	10	10	0	0	45s	100	1	2413
r	878	178	10	10	0	0	45s	100	1	2413
r	1251	178	10	10	0	0	45s	100	1	2414
r	759	179	10	10	0	0	45s	100	1	2414
r	1120	179	10	10	0	0	45s	100	1	2413
r	481	180	10	10	0	0	45s	100	1	2413
r	1386	180	10	10	0	0	45s	100	1	2413
r	1461	182	10	10	0	0	45s	100	1	2414
r	633	183	10	10	0	0	45s	100	1	2413
r	1114	184	10	10	0	0	45s	100	1	2414
r	1454	191	10	10	0	0	45s	100	1	2413
r	1094	194	10	10	0	0	45s	100	1	2413
r	1122	200	10	10	0	0	45s	100	1	2414
r	1445	212	10	10	0	0	45s	100	1	2414
r	1442	220	10	10	0	0	45s	100	1	2414
r	157	252	10	10	0	0	45s	100	1	2413
r	127	258	10	10	0	0	45s	100	1	2414
r	150	259	10	10	0	0	45s	100	1	2414
r	150	263	10	10	0	0	45s	100	1	2414
r	1443	296	10	10	0	0	45s	100	1	2414
r	1445	298	10	10	0	0	45s	100	1	2413
r	154	339	10	10	0	0	45s	100	1	2414
r	1435	341	10	10	0	0	45s	100	1	2414
r	151	369	10	10	0	0	45s	100	1	2413
r	1440	376	10	10	0	0	45s	100	1	2413
r	1472	382	10	10	0	0	45s	100	1	2414
r	1423	391	10	10	0	0	45s	100	1	2414
r	151	397	10	10	0	0	45s	100	1	2413
r	1424	399	10	10	0	0	45s	100	1	2413
r	1451	405	10	10	0	0	45s	100	1	2414
r	1458	407	10	10	0	0	45s	100	1	2414
r	1411	408	10	10	0	0	45s	100	1	2413
r	1468	409	10	10	0	0	45s	100	1	2414
r	1469	430	10	10	0	0	45s	100	1	2414
r	1445	473	10	10	0	0	45s	100	1	2414
r	1448	517	10	10	0	0	45s	100	1	2414
r	154	519	10	10	0	0	45s	100	1	2414
r	141	522	10	10	0	0	45s	100	1	2414
r	152	537	10	10	0	0	45s	100	1	2414
r	1445	542	10	10	0	0	45s	100	1	2413
r	149	546	10	10	0	0	45s	100	1	2413
r	154	557	10	10	0	0	45s	100	1	2413
r	152	560	10	10	0	0	45s	100	1	2413
r	1439	586	10	10	0	0	45s	100	1	2413
r	146	588	10	10	0	0	45s	100	1	2414
r	156	604	10	10	0	0	45s	100	1	2413
r	1450	605	10	10	0	0	45s	100	1	2413
r	1447	624	10	10	0	0	45s	100	1	2414
r	1442	628	10	10	0	0	45s	100	1	2413
r	156	645	10	10	0	0	45s	100	1	2414
r	1443	662	10	10	0	0	45s	100	1	2414
r	1444	688	10	10	0	0	45s	100	1	2413
r	137	700	10	10	0	0	45s	100	1	2413
r	176	702	10	10	0	0	45s	100	1	2414
r	138	717	10	10	0	0	45s	100	1	2414
r	189	731	10	10	0	0	45s	100	1	2414
r	137	740	10	10	0	0	45s	100	1	2413
r	142	750	10	10	0	0	45s	100	1	2414
r	1449	775	10	10	0	0	45s	100	1	2414
r	147	780	10	10	0	0	45s	100	1	2414
r	1451	790	10	10	0	0	45s	100	1	2414
r	148	819	10	10	0	0	45s	100	1	2413
r	1440	823	10	10	0	0	45s	100	1	2414
r	1442	837	10	10	0	0	45s	100	1	2414
r	146	850	10	10	0	0	45s	100	1	2413
r	143	869	10	10	0	0	45s	100	1	2413
r	1450	871	10	10	0	0	45s	100	1	2413
r	1438	875	10	10	0	0	45s	100	1	2414
r	1445	875	10	10	0	0	45s	100	1	2413
r	155	904	10	10	0	0	45s	100	1	2413
r	143	911	10	10	0	0	45s	100	1	2414
r	144	924	10	10	0	0	45s	100	1	2414
r	152	931	10	10	0	0	45s	100	1	2414
r	155	938	10	10	0	0	45s	100	1	2414
r	144	969	10	10	0	0	45s	100	1	2414
r	152	972	10	10	0	0	45s	100	1	2414
r	149	985	10	10	0	0	45s	100	1	2414
r	1450	1022	10	10	0	0	45s	100	1	2414
r	161	1026	10	10	0	0	45s	100	1	2414
r	1440	1031	10	10	0	0	45s	100	1	2414
r	1435	1033	10	10	0	0	45s	100	1	2413
r	1437	1034	10	10	0	0	45s	100	1	2414
r	1406	1042	10	10	0	0	45s	100	1	2413
r	1416	1042	10	10	0	0	45s	100	1	2413
r	143	1046	10	10	0	0	45s	100	1	2413
r	1400	1052	10	10	0	0	45s	100	1	2413
r	183	1067	10	10	0	0	45s	100	1	2413
r	1473	1074	10	10	0	0	45s	100	1	2414
r	1426	1081	10	10	0	0	45s	100	1	2413
r	149	1110	10	10	0	0	45s	100	1	2413
r	148	1146	10	10	0	0	45s	100	1	2413
r	154	1156	10	10	0	0	45s	100	1	2414
r	148	1187	10	10	0	0	45s	100	1	2413
r	147	1191	10	10	0	0	45s	100	1	2413
r	1448	1196	10	10	0	0	45s	100	1	2413
r	1437	1201	10	10	0	0	45s	100	1	2414
r	154	1202	10	10	0	0	45s	100	1	2413
r	1451	1220	10	10	0	0	45s	100	1	2414
r	1441	1248	10	10	0	0	45s	100	1	2414
r	1437	1261	10	10	0	0	45s	100	1	2413
r	1439	1264	10	10	0	0	45s	100	1	2414
r	577	1270	10	10	0	0	45s	100	1	2414
r	698	1272	10	10	0	0	45s	100	1	2413
r	587	1273	10	10	0	0	45s	100	1	2413
r	1432	1273	10	10	0	0	45s	100	1	2414
r	946	1274	10	10	0	0	45s	100	1	2413
r	587	1275	10	10	0	0	45s	100	1	2414
r	941	1275	10	10	0	0	45s	100	1	2414
r	607	1276	10	10	0	0	45s	100	1	2413
r	1475	1276	10	10	0	0	45s	100	1	2414
r	141	1278	10	10	0	0	45s	100	1	2413
r	1446	1278	10	10	0	0	45s	100	1	2413
r	583	1284	10	10	0	0	45s	100	1	2413
r	627	1284	10	10	0	0	45s	100	1	2414
r	1457	1284	10	10	0	0	45s	100	1	2414
r	155	1285	10	10	0	0	45s	100	1	2414
r	900	1285	10	10	0	0	45s	100	1	2413
r	923	1285	10	10	0	0	45s	100	1	2414
r	1456	1285	10	10	0	0	45s	100	1	2414
r	612	1289	10	10	0	0	45s	100	1	2414
r	239	1292	10	10	0	0	45s	100	1	2414
r	528	1292	10	10	0	0	45s	100	1	2414
r	334	1293	10	10	0	0	45s	100	1	2414
r	1437	1293	10	10	0	0	45s	100	1	2414
r	823	1294	10	10	0	0	45s	100	1	2414
r	844	1296	10	10	0	0	45s	100	1	2414
r	312	1297	10	10	0	0	45s	100	1	2413
r	506	1297	10	10	0	0	45s	100	1	2413
r	1071	1297	10	10	0	0	45s	100	1	2414
r	1148	1297	10	10	0	0	45s	100	1	2413
r	411	1298	10	10	0	0	45s	100	1	2413
r	388	1299	10	10	0	0	45s	100	1	2414
r	949	1299	10	10	0	0	45s	100	1	2413
r	183	1300	10	10	0	0	45s	100	1	2413
r	322	1300	10	10	0	0	45s	100	1	2414
r	592	1301	10	10	0	0	45s	100	1	2414
r	795	1301	10	10	0	0	45s	100	1	2413
r	713	1302	10	10	0	0	45s	100	1	2414
r	862	1303	10	10	0	0	45s	100	1	2414
r	1200	1303	10	10	0	0	45s	100	1	2413
r	627	1304	10	10	0	0	45s	100	1	2413
r	1279	1304	10	10	0	0	45s	100	1	2413
r	233	1305	10	10	0	0	45s	100	1	2414
r	851	1305	10	10	0	0	45s	100	1	2413
r	191	1306	10	10	0	0	45s	100	1	2414
r	1147	1306	10	10	0	0	45s	100	1	2414
r	791	1307	10	10	0	0	45s	100	1	2413
r	1379	1308	10	10	0	0	45s	100	1	2413
r	631	1313	10	10	0	0	45s	100	1	2413
r	737	1319	10	10	0	0	45s	100	1	2413
r	580	1329	10	10	0	0	45s	100	1	2413
r	586	1330	10	10	0	0	45s	100	1	2414
r	1066	492	10	10	0	0	45s	100	1	2410
r	838	504	10	10	0	0	45s	100	1	2410
r	463	509	10	10	0	0	45s	100	1	2409
r	1052	513	10	10	0	0	45s	100	1	2410
r	796	514	10	10	0	0	45s	100	1	2410
r	1056	514	10	10	0	0	45s	100	1	2410
r	800	520	10	10	0	0	45s	100	1	2410
r	827	520	10	10	0	0	45s	100	1	2409
r	832	521	10	10	0	0	45s	100	1	2409
r	1053	525	10	10	0	0	45s	100	1	2409
r	1060	525	10	10	0	0	45s	100	1	2410
r	468	526	10	10	0	0	45s	100	1	2410
r	515	526	10	10	0	0	45s	100	1	2409
r	1057	526	10	10	0	0	45s	100	1	2410
r	821	527	10	10	0	0	45s	100	1	2409
r	598	530	10	10	0	0	45s	100	1	2409
r	631	530	10	10	0	0	45s	100	1	2410
r	634	530	10	10	0	0	45s	100	1	2410
r	932	530	10	10	0	0	45s	100	1	2409
r	1012	530	10	10	0	0	45s	100	1	2409
r	698	531	10	10	0	0	45s	100	1	2409
r	870	531	10	10	0	0	45s	100	1	2410
r	1041	531	10	10	0	0	45s	100	1	2410
r	1075	532	10	10	0	0	45s	100	1	2409
r	720	534	10	10	0	0	45s	100	1	2410
r	756	534	10	10	0	0	45s	100	1	2410
r	705	535	10	10	0	0	45s	100	1	2410
r	805	535	10	10	0	0	45s	100	1	2409
r	610	536	10	10	0	0	45s	100	1	2409
r	520	537	10	10	0	0	45s	100	1	2410
r	731	537	10	10	0	0	45s	100	1	2409
r	1046	537	10	10	0	0	45s	100	1	2409
r	636	538	10	10	0	0	45s	100	1	2410
r	557	539	10	10	0	0	45s	100	1	2410
r	628	539	10	10	0	0	45s	100	1	2409
r	950	539	10	10	0	0	45s	100	1	2409
r	1057	539	10	10	0	0	45s	100	1	2409
r	794	540	10	10	0	0	45s	100	1	2409
r	922	541	10	10	0	0	45s	100	1	2410
r	763	543	10	10	0	0	45s	100	1	2409
r	838	543	10	10	0	0	45s	100	1	2410
r	761	544	10	10	0	0	45s	100	1	2409
r	900	545	10	10	0	0	45s	100	1	2409
r	512	547	10	10	0	0	45s	100	1	2409
r	1087	547	10	10	0	0	45s	100	1	2410
r	463	548	10	10	0	0	45s	100	1	2409
r	800	551	10	10	0	0	45s	100	1	2409
r	1062	551	10	10	0	0	45s	100	1	2410
r	482	552	10	10	0	0	45s	100	1	2409
r	501	556	10	10	0	0	45s	100	1	2409
r	799	559	10	10	0	0	45s	100	1	2409
r	514	562	10	10	0	0	45s	100	1	2409
r	800	563	10	10	0	0	45s	100	1	2410
r	828	563	10	10	0	0	45s	100	1	2410
r	808	564	10	10	0	0	45s	100	1	2410
r	500	566	10	10	0	0	45s	100	1	2410
r	808	566	10	10	0	0	45s	100	1	2409
r	815	566	10	10	0	0	45s	100	1	2409
r	1106	567	10	10	0	0	45s	100	1	2409
r	482	573	10	10	0	0	45s	100	1	2409
r	1071	598	10	10	0	0	45s	100	1	2410
r	1086	598	10	10	0	0	45s	100	1	2410
r	487	600	10	10	0	0	45s	100	1	2409
r	1083	603	10	10	0	0	45s	100	1	2409
r	1053	608	10	10	0	0	45s	100	1	2410
r	1104	616	10	10	0	0	45s	100	1	2410
r	489	622	10	10	0	0	45s	100	1	2409
r	1059	625	10	10	0	0	45s	100	1	2410
r	1068	625	10	10	0	0	45s	100	1	2410
r	1099	626	10	10	0	0	45s	100	1	2409
r	1082	629	10	10	0	0	45s	100	1	2410
r	482	636	10	10	0	0	45s	100	1	2410
r	487	644	10	10	0	0	45s	100	1	2409
r	1099	647	10	10	0	0	45s	100	1	2409
r	1081	650	10	10	0	0	45s	100	1	2410
r	485	653	10	10	0	0	45s	100	1	2409
r	1076	654	10	10	0	0	45s	100	1	2410
r	483	658	10	10	0	0	45s	100	1	2409
r	1081	661	10	10	0	0	45s	100	1	2410
r	1087	662	10	10	0	0	45s	100	1	2410
r	1075	671	10	10	0	0	45s	100	1	2409
r	1075	677	10	10	0	0	45s	100	1	2409
r	486	687	10	10	0	0	45s	100	1	2409
r	490	692	10	10	0	0	45s	100	1	2410
r	488	695	10	10	0	0	45s	100	1	2409
r	479	698	10	10	0	0	45s	100	1	2410
r	1078	698	10	10	0	0	45s	100	1	2409
r	483	706	10	10	0	0	45s	100	1	2409
r	1078	719	10	10	0	0	45s	100	1	2410
r	1071	721	10	10	0	0	45s	100	1	2409
r	1078	730	10	10	0	0	45s	100	1	2410
r	481	735	10	10	0	0	45s	100	1	2409
r	485	758	10	10	0	0	45s	100	1	2409
r	491	758	10	10	0	0	45s	100	1	2410
r	481	770	10	10	0	0	45s	100	1	2410
r	1075	776	10	10	0	0	45s	100	1	2410
r	1078	789	10	10	0	0	45s	100	1	2409
r	1085	791	10	10	0	0	45s	100	1	2409
r	1076	800	10	10	0	0	45s	100	1	2410
r	1075	808	10	10	0	0	45s	100	1	2410
r	1082	836	10	10	0	0	45s	100	1	2410
r	1083	841	10	10	0	0	45s	100	1	2409
r	487	843	10	10	0	0	45s	100	1	2409
r	1085	851	10	10	0	0	45s	100	1	2409
r	1076	855	10	10	0	0	45s	100	1	2410
r	1076	863	10	10	0	0	45s	100	1	2409
r	1078	864	10	10	0	0	45s	100	1	2410
r	1070	867	10	10	0	0	45s	100	1	2410
r	487	870	10	10	0	0	45s	100	1	2409
r	1071	880	10	10	0	0	45s	100	1	2409
r	1085	889	10	10	0	0	45s	100	1	2409
r	1086	896	10	10	0	0	45s	100	1	2410
r	925	898	10	10	0	0	45s	100	1	2409
r	1073	899	10	10	0	0	45s	100	1	2409
r	1086	899	10	10	0	0	45s	100	1	2409
r	502	900	10	10	0	0	45s	100	1	2409
r	970	900	10	10	0	0	45s	100	1	2409
r	1092	900	10	10	0	0	45s	100	1	2410
r	749	901	10	10	0	0	45s	100	1	2409
r	500	902	10	10	0	0	45s	100	1	2410
r	472	903	10	10	0	0	45s	100	1	2409
r	914	908	10	10	0	0	45s	100	1	2410
r	516	914	10	10	0	0	45s	100	1	2409
r	738	914	10	10	0	0	45s	100	1	2409
r	923	917	10	10	0	0	45s	100	1	2409
r	945	917	10	10	0	0	45s	100	1	2410
r	505	918	10	10	0	0	45s	100	1	2410
r	510	920	10	10	0	0	45s	100	1	2410
r	999	920	10	10	0	0	45s	100	1	2410
r	459	921	10	10	0	0	45s	100	1	2410
r	927	921	10	10	0	0	45s	100	1	2410
r	1027	921	10	10	0	0	45s	100	1	2410
r	660	922	10	10	0	0	45s	100	1	2410
r	560	923	10	10	0	0	45s	100	1	2409
r	1085	923	10	10	0	0	45s	100	1	2409
r	967	925	10	10	0	0	45s	100	1	2410
r	472	927	10	10	0	0	45s	100	1	2410
r	605	927	10	10	0	0	45s	100	1	2409
r	1009	927	10	10	0	0	45s	100	1	2410
r	1014	927	10	10	0	0	45s	100	1	2410
r	1006	928	10	10	0	0	45s	100	1	2410
r	466	929	10	10	0	0	45s	100	1	2410
r	771	929	10	10	0	0	45s	100	1	2410
r	918	929	10	10	0	0	45s	100	1	2410
r	1023	929	10	10	0	0	45s	100	1	2410
r	557	931	10	10	0	0	45s	100	1	2409
r	930	932	10	10	0	0	45s	100	1	2410
r	1097	933	10	10	0	0	45s	100	1	2409
r	685	934	10	10	0	0	45s	100	1	2409
r	456	935	10	10	0	0	45s	100	1	2410
r	752	935	10	10	0	0	45s	100	1	2409
r	771	937	10	10	0	0	45s	100	1	2409
r	959	937	10	10	0	0	45s	100	1	2409
r	964	937	10	10	0	0	45s	100	1	2410
r	509	938	10	10	0	0	45s	100	1	2409
r	733	940	10	10	0	0	45s	100	1	2409
r	1077	940	10	10	0	0	45s	100	1	2409
r	759	941	10	10	0	0	45s	100	1	2409
r	481	942	10	10	0	0	45s	100	1	2410
r	948	942	10	10	0	0	45s	100	1	2410
r	931	943	10	10	0	0	45s	100	1	2410
r	507	944	10	10	0	0	45s	100	1	2410
r	1091	944	10	10	0	0	45s	100	1	2410
r	958	949	10	10	0	0	45s	100	1	2409
r	925	950	10	10	0	0	45s	100	1	2410
r	468	954	10	10	0	0	45s	100	1	2410
r	508	954	10	10	0	0	45s	100	1	2410
r	956	957	10	10	0	0	45s	100	1	2409
r	747	961	10	10	0	0	45s	100	1	2409
r	952	610	10	10	0	0	45s	100	1	2408
r	893	613	10	10	0	0	45s	100	1	2408
r	864	615	10	10	0	0	45s	100	1	2409
r	1003	617	10	10	0	0	45s	100	1	2408
r	1006	617	10	10	0	0	45s	100	1	2409
r	587	618	10	10	0	0	45s	100	1	2409
r	627	618	10	10	0	0	45s	100	1	2408
r	1006	620	10	10	0	0	45s	100	1	2408
r	956	625	10	10	0	0	45s	100	1	2409
r	981	625	10	10	0	0	45s	100	1	2409
r	658	627	10	10	0	0	45s	100	1	2409
r	991	627	10	10	0	0	45s	100	1	2409
r	567	629	10	10	0	0	45s	100	1	2409
r	852	629	10	10	0	0	45s	100	1	2409
r	655	630	10	10	0	0	45s	100	1	2408
r	697	632	10	10	0	0	45s	100	1	2408
r	857	633	10	10	0	0	45s	100	1	2408
r	570	634	10	10	0	0	45s	100	1	2408
r	839	634	10	10	0	0	45s	100	1	2409
r	1020	634	10	10	0	0	45s	100	1	2409
r	871	635	10	10	0	0	45s	100	1	2408
r	571	636	10	10	0	0	45s	100	1	2408
r	817	636	10	10	0	0	45s	100	1	2409
r	644	637	10	10	0	0	45s	100	1	2408
r	872	637	10	10	0	0	45s	100	1	2408
r	720	638	10	10	0	0	45s	100	1	2408
r	687	639	10	10	0	0	45s	100	1	2409
r	1011	639	10	10	0	0	45s	100	1	2409
r	662	640	10	10	0	0	45s	100	1	2408
r	893	640	10	10	0	0	45s	100	1	2408
r	609	641	10	10	0	0	45s	100	1	2408
r	661	641	10	10	0	0	45s	100	1	2408
r	873	641	10	10	0	0	45s	100	1	2408
r	966	641	10	10	0	0	45s	100	1	2409
r	580	642	10	10	0	0	45s	100	1	2409
r	878	642	10	10	0	0	45s	100	1	2409
r	592	643	10	10	0	0	45s	100	1	2408
r	619	643	10	10	0	0	45s	100	1	2408
r	763	643	10	10	0	0	45s	100	1	2409
r	812	644	10	10	0	0	45s	100	1	2408
r	974	646	10	10	0	0	45s	100	1	2409
r	856	648	10	10	0	0	45s	100	1	2408
r	890	648	10	10	0	0	45s	100	1	2409
r	572	649	10	10	0	0	45s	100	1	2408
r	581	649	10	10	0	0	45s	100	1	2408
r	592	649	10	10	0	0	45s	100	1	2408
r	562	651	10	10	0	0	45s	100	1	2409
r	579	652	10	10	0	0	45s	100	1	2409
r	592	652	10	10	0	0	45s	100	1	2409
r	953	654	10	10	0	0	45s	100	1	2409
r	595	655	10	10	0	0	45s	100	1	2408
r	651	655	10	10	0	0	45s	100	1	2409
r	678	655	10	10	0	0	45s	100	1	2408
r	887	655	10	10	0	0	45s	100	1	2409
r	972	656	10	10	0	0	45s	100	1	2409
r	586	658	10	10	0	0	45s	100	1	2408
r	627	659	10	10	0	0	45s	100	1	2409
r	1008	659	10	10	0	0	45s	100	1	2408
r	678	660	10	10	0	0	45s	100	1	2409
r	625	662	10	10	0	0	45s	100	1	2408
r	669	663	10	10	0	0	45s	100	1	2408
r	962	663	10	10	0	0	45s	100	1	2408
r	976	664	10	10	0	0	45s	100	1	2409
r	560	665	10	10	0	0	45s	100	1	2408
r	638	665	10	10	0	0	45s	100	1	2408
r	573	666	10	10	0	0	45s	100	1	2409
r	576	670	10	10	0	0	45s	100	1	2408
r	974	675	10	10	0	0	45s	100	1	2408
r	645	688	10	10	0	0	45s	100	1	2409
r	561	695	10	10	0	0	45s	100	1	2409
r	651	702	10	10	0	0	45s	100	1	2408
r	647	706	10	10	0	0	45s	100	1	2408
r	565	708	10	10	0	0	45s	100	1	2408
r	566	711	10	10	0	0	45s	100	1	2409
r	988	713	10	10	0	0	45s	100	1	2408
r	773	714	10	10	0	0	45s	100	1	2408
r	682	717	10	10	0	0	45s	100	1	2409
r	799	719	10	10	0	0	45s	100	1	2408
r	764	720	10	10	0	0	45s	100	1	2408
r	815	721	10	10	0	0	45s	100	1	2408
r	563	722	10	10	0	0	45s	100	1	2408
r	764	722	10	10	0	0	45s	100	1	2408
r	672	723	10	10	0	0	45s	100	1	2409
r	817	723	10	10	0	0	45s	100	1	2408
r	683	726	10	10	0	0	45s	100	1	2409
r	789	731	10	10	0	0	45s	100	1	2408
r	686	733	10	10	0	0	45s	100	1	2408
r	712	734	10	10	0	0	45s	100	1	2408
r	736	734	10	10	0	0	45s	100	1	2408
r	741	736	10	10	0	0	45s	100	1	2408
r	657	737	10	10	0	0	45s	100	1	2409
r	657	738	10	10	0	0	45s	100	1	2408
r	699	738	10	10	0	0	45s	100	1	2408
r	716	738	10	10	0	0	45s	100	1	2408
r	628	740	10	10	0	0	45s	100	1	2408
r	564	741	10	10	0	0	45s	100	1	2408
r	712	741	10	10	0	0	45s	100	1	2409
r	765	741	10	10	0	0	45s	100	1	2409
r	973	741	10	10	0	0	45s	100	1	2408
r	978	742	10	10	0	0	45s	100	1	2408
r	736	746	10	10	0	0	45s	100	1	2408
r	654	748	10	10	0	0	45s	100	1	2408
r	688	749	10	10	0	0	45s	100	1	2408
r	765	749	10	10	0	0	45s	100	1	2409
r	804	749	10	10	0	0	45s	100	1	2409
r	977	753	10	10	0	0	45s	100	1	2408
r	774	755	10	10	0	0	45s	100	1	2409
r	667	756	10	10	0	0	45s	100	1	2408
r	819	756	10	10	0	0	45s	100	1	2409
r	815	757	10	10	0	0	45s	100	1	2409
r	794	762	10	10	0	0	45s	100	1	2409
r	625	765	10	10	0	0	45s	100	1	2408
r	766	768	10	10	0	0	45s	100	1	2409
r	678	771	10	10	0	0	45s	100	1	2409
r	792	771	10	10	0	0	45s	100	1	2408
r	567	772	10	10	0	0	45s	100	1	2408
r	799	775	10	10	0	0	45s	100	1	2408
r	790	776	10	10	0	0	45s	100	1	2408
r	975	785	10	10	0	0	45s	100	1	2408
r	974	786	10	10	0	0	45s	100	1	2409
r	566	787	10	10	0	0	45s	100	1	2408
r	988	793	10	10	0	0	45s	100	1	2409
r	793	798	10	10	0	0	45s	100	1	2409
r	974	798	10	10	0	0	45s	100	1	2409
r	976	800	10	10	0	0	45s	100	1	2408
r	796	802	10	10	0	0	45s	100	1	2408
r	778	810	10	10	0	0	45s	100	1	2409
r	774	811	10	10	0	0	45s	100	1	2408
r	821	813	10	10	0	0	45s	100	1	2408
r	986	813	10	10	0	0	45s	100	1	2409
r	571	815	10	10	0	0	45s	100	1	2409
r	964	818	10	10	0	0	45s	100	1	2409
r	565	819	10	10	0	0	45s	100	1	2409
r	807	819	10	10	0	0	45s	100	1	2408
r	585	820	10	10	0	0	45s	100	1	2408
r	789	820	10	10	0	0	45s	100	1	2408
r	996	822	10	10	0	0	45s	100	1	2409
r	594	823	10	10	0	0	45s	100	1	2409
r	795	823	10	10	0	0	45s	100	1	2409
r	592	829	10	10	0	0	45s	100	1	2408
r	777	829	10	10	0	0	45s	100	1	2409
r	994	830	10	10	0	0	45s	100	1	2409
r	571	832	10	10	0	0	45s	100	1	2409
r	728	832	10	10	0	0	45s	100	1	2409
r	880	833	10	10	0	0	45s	100	1	2409
r	885	833	10	10	0	0	45s	100	1	2409
r	953	833	10	10	0	0	45s	100	1	2408
r	933	835	10	10	0	0	45s	100	1	2408
r	991	835	10	10	0	0	45s	100	1	2408
r	574	836	10	10	0	0	45s	100	1	2408
r	595	837	10	10	0	0	45s	100	1	2409
r	879	837	10	10	0	0	45s	100	1	2408
r	911	837	10	10	0	0	45s	100	1	2408
r	633	838	10	10	0	0	45s	100	1	2409
r	714	838	10	10	0	0	45s	100	1	2408
r	938	839	10	10	0	0	45s	100	1	2409
r	591	840	10	10	0	0	45s	100	1	2408
r	829	840	10	10	0	0	45s	100	1	2408
r	648	841	10	10	0	0	45s	100	1	2409
r	821	843	10	10	0	0	45s	100	1	2408
r	750	844	10	10	0	0	45s	100	1	2408
r	850	844	10	10	0	0	45s	100	1	2408
r	676	845	10	10	0	0	45s	100	1	2409
r	705	845	10	10	0	0	45s	100	1	2408
r	774	845	10	10	0	0	45s	100	1	2408
r	905	845	10	10	0	0	45s	100	1	2409
r	946	846	10	10	0	0	45s	100	1	2408
r	589	848	10	10	0	0	45s	100	1	2408
r	612	848	10	10	0	0	45s	100	1	2408
r	686	848	10	10	0	0	45s	100	1	2408
r	921	848	10	10	0	0	45s	100	1	2409
r	604	849	10	10	0	0	45s	100	1	2409
r	673	849	10	10	0	0	45s	100	1	2408
r	715	849	10	10	0	0	45s	100	1	2408
r	898	849	10	10	0	0	45s	100	1	2408
r	904	849	10	10	0	0	45s	100	1	2408
r	577	854	10	10	0	0	45s	100	1	2408
r	992	855	10	10	0	0	45s	100	1	2408
r	994	855	10	10	0	0	45s	100	1	2408
r	963	856	10	10	0	0	45s	100	1	2409
r	968	856	10	10	0	0	45s	100	1	2409
r	764	861	10	10	0	0	45s	100	1	2409
r	584	862	10	10	0	0	45s	100	1	2409
r	540	866	10	10	0	0	45s	100	1	2409
r	817	866	10	10	0	0	45s	100	1	2409
r	545	867	10	10	0	0	45s	100	1	2409
r	787	869	10	10	0	0	45s	100	1	2409
r	663	168	10	10	0	0	45s	100	1	2414
r	675	170	10	10	0	0	45s	100	1	2414
r	700	175	10	10	0	0	45s	100	1	2414
r	685	160	10	10	0	0	45s	100	1	2414
r	678	183	10	10	0	0	45s	100	1	2414
r	670	165	10	10	0	0	45s	100	1	2414
r	688	173	10	10	0	0	45s	100	1	2414
r	668	180	10	10	0	0	45s	100	1	2414
r	1113	175	10	10	0	0	45s	100	1	2414
r	1123	178	10	10	0	0	45s	100	1	2414
r	1108	163	10	10	0	0	45s	100	1	2414
r	1103	163	10	10	0	0	45s	100	1	2414
r	1098	173	10	10	0	0	45s	100	1	2414
r	1095	178	10	10	0	0	45s	100	1	2414
r	1103	185	10	10	0	0	45s	100	1	2414
r	1113	180	10	10	0	0	45s	100	1	2414
r	1445	180	10	10	0	0	45s	100	1	2414
r	1443	175	10	10	0	0	45s	100	1	2414
r	1443	170	10	10	0	0	45s	100	1	2414
r	1443	168	10	10	0	0	45s	100	1	2414
r	1443	165	10	10	0	0	45s	100	1	2414
r	1443	165	10	10	0	0	45s	100	1	2414
r	1425	165	10	10	0	0	45s	100	1	2414
r	1423	168	10	10	0	0	45s	100	1	2414
r	1420	185	10	10	0	0	45s	100	1	2414
r	163	263	10	10	0	0	45s	100	1	2414
r	150	265	10	10	0	0	45s	100	1	2414
r	133	268	10	10	0	0	45s	100	1	2414
r	140	268	10	10	0	0	45s	100	1	2414
r	140	268	10	10	0	0	45s	100	1	2414
r	160	288	10	10	0	0	45s	100	1	2414
r	160	288	10	10	0	0	45s	100	1	2414
r	145	283	10	10	0	0	45s	100	1	2414
r	145	268	10	10	0	0	45s	100	1	2414
r	143	260	10	10	0	0	45s	100	1	2414
r	140	268	10	10	0	0	45s	100	1	2414
r	143	283	10	10	0	0	45s	100	1	2414
r	250	268	10	10	0	0	45s	100	1	2414
r	250	270	10	10	0	0	45s	100	1	2414
r	255	275	10	10	0	0	45s	100	1	2414
r	245	288	10	10	0	0	45s	100	1	2414
r	238	290	10	10	0	0	45s	100	1	2414
r	238	273	10	10	0	0	45s	100	1	2414
r	238	270	10	10	0	0	45s	100	1	2414
r	238	268	10	10	0	0	45s	100	1	2414
r	365	255	10	10	0	0	45s	100	1	2414
r	365	253	10	10	0	0	45s	100	1	2414
r	355	253	10	10	0	0	45s	100	1	2414
r	333	255	10	10	0	0	45s	100	1	2414
r	333	255	10	10	0	0	45s	100	1	2414
r	328	260	10	10	0	0	45s	100	1	2414
r	335	278	10	10	0	0	45s	100	1	2414
r	340	280	10	10	0	0	45s	100	1	2414
r	350	280	10	10	0	0	45s	100	1	2414
r	370	263	10	10	0	0	45s	100	1	2414
r	365	260	10	10	0	0	45s	100	1	2414
r	355	268	10	10	0	0	45s	100	1	2414
r	355	280	10	10	0	0	45s	100	1	2414
r	353	295	10	10	0	0	45s	100	1	2414
r	348	293	10	10	0	0	45s	100	1	2414
r	238	253	10	10	0	0	45s	100	1	2414
r	253	253	10	10	0	0	45s	100	1	2414
r	475	268	10	10	0	0	45s	100	1	2414
r	478	268	10	10	0	0	45s	100	1	2414
r	483	263	10	10	0	0	45s	100	1	2414
r	488	258	10	10	0	0	45s	100	1	2414
r	490	255	10	10	0	0	45s	100	1	2414
r	498	245	10	10	0	0	45s	100	1	2414
r	488	248	10	10	0	0	45s	100	1	2414
r	470	248	10	10	0	0	45s	100	1	2414
r	468	250	10	10	0	0	45s	100	1	2414
r	468	250	10	10	0	0	45s	100	1	2414
r	478	275	10	10	0	0	45s	100	1	2414
r	500	278	10	10	0	0	45s	100	1	2414
r	500	260	10	10	0	0	45s	100	1	2414
r	480	260	10	10	0	0	45s	100	1	2414
r	680	260	10	10	0	0	45s	100	1	2414
r	680	260	10	10	0	0	45s	100	1	2414
r	688	258	10	10	0	0	45s	100	1	2414
r	688	258	10	10	0	0	45s	100	1	2414
r	688	245	10	10	0	0	45s	100	1	2414
r	688	245	10	10	0	0	45s	100	1	2414
r	670	245	10	10	0	0	45s	100	1	2414
r	668	248	10	10	0	0	45s	100	1	2414
r	660	250	10	10	0	0	45s	100	1	2414
r	660	253	10	10	0	0	45s	100	1	2414
r	665	260	10	10	0	0	45s	100	1	2414
r	678	270	10	10	0	0	45s	100	1	2414
r	680	270	10	10	0	0	45s	100	1	2414
r	693	265	10	10	0	0	45s	100	1	2414
r	695	250	10	10	0	0	45s	100	1	2414
r	695	250	10	10	0	0	45s	100	1	2414
r	688	278	10	10	0	0	45s	100	1	2414
r	678	280	10	10	0	0	45s	100	1	2414
r	920	250	10	10	0	0	45s	100	1	2414
r	910	248	10	10	0	0	45s	100	1	2414
r	903	250	10	10	0	0	45s	100	1	2414
r	898	250	10	10	0	0	45s	100	1	2414
r	895	253	10	10	0	0	45s	100	1	2414
r	895	258	10	10	0	0	45s	100	1	2414
r	900	263	10	10	0	0	45s	100	1	2414
r	915	273	10	10	0	0	45s	100	1	2414
r	928	253	10	10	0	0	45s	100	1	2414
r	915	255	10	10	0	0	45s	100	1	2414
r	905	268	10	10	0	0	45s	100	1	1
r	1113	263	10	10	0	0	45s	100	1	2414
r	1105	260	10	10	0	0	45s	100	1	2414
r	1103	263	10	10	0	0	45s	100	1	2414
r	1100	260	10	10	0	0	45s	100	1	2414
r	1100	255	10	10	0	0	45s	100	1	2414
r	1118	250	10	10	0	0	45s	100	1	2414
r	1128	250	10	10	0	0	45s	100	1	2414
r	1115	240	10	10	0	0	45s	100	1	2414
r	1098	245	10	10	0	0	45s	100	1	2414
r	1095	250	10	10	0	0	45s	100	1	2414
r	1098	243	10	10	0	0	45s	100	1	2414
r	1108	235	10	10	0	0	45s	100	1	2414
r	1198	260	10	10	0	0	45s	100	1	2414
r	1198	260	10	10	0	0	45s	100	1	2414
r	1213	253	10	10	0	0	45s	100	1	2414
r	1213	245	10	10	0	0	45s	100	1	2414
r	1205	240	10	10	0	0	45s	100	1	2414
r	1198	240	10	10	0	0	45s	100	1	2414
r	1190	243	10	10	0	0	45s	100	1	2414
r	1185	248	10	10	0	0	45s	100	1	2414
r	1180	250	10	10	0	0	45s	100	1	2414
r	1183	275	10	10	0	0	45s	100	1	2414
r	1205	265	10	10	0	0	45s	100	1	2414
r	1210	265	10	10	0	0	45s	100	1	2414
r	1210	253	10	10	0	0	45s	100	1	2414
r	1198	270	10	10	0	0	45s	100	1	2414
r	1188	263	10	10	0	0	45s	100	1	2414
r	260	400	10	10	0	0	45s	100	1	2414
r	263	400	10	10	0	0	45s	100	1	2414
r	240	400	10	10	0	0	45s	100	1	2414
r	233	403	10	10	0	0	45s	100	1	2414
r	233	420	10	10	0	0	45s	100	1	2414
r	243	420	10	10	0	0	45s	100	1	2414
r	255	420	10	10	0	0	45s	100	1	2414
r	418	435	10	10	0	0	45s	100	1	2414
r	418	435	10	10	0	0	45s	100	1	2414
r	423	428	10	10	0	0	45s	100	1	2414
r	425	425	10	10	0	0	45s	100	1	2414
r	410	418	10	10	0	0	45s	100	1	2414
r	393	423	10	10	0	0	45s	100	1	2414
r	400	438	10	10	0	0	45s	100	1	2414
r	418	438	10	10	0	0	45s	100	1	2414
r	433	440	10	10	0	0	45s	100	1	2414
r	410	453	10	10	0	0	45s	100	1	2414
r	415	433	10	10	0	0	45s	100	1	2414
r	425	418	10	10	0	0	45s	100	1	2414
r	348	358	10	10	0	0	45s	100	1	2414
r	350	340	10	10	0	0	45s	100	1	2414
r	338	340	10	10	0	0	45s	100	1	2414
r	338	345	10	10	0	0	45s	100	1	2414
r	433	425	10	10	0	0	45s	100	1	2414
r	393	415	10	10	0	0	45s	100	1	2414
r	400	458	10	10	0	0	45s	100	1	2414
r	425	435	10	10	0	0	45s	100	1	2414
r	615	428	10	10	0	0	45s	100	1	2414
r	615	428	10	10	0	0	45s	100	1	2414
r	613	423	10	10	0	0	45s	100	1	2414
r	610	423	10	10	0	0	45s	100	1	2414
r	608	423	10	10	0	0	45s	100	1	2414
r	595	428	10	10	0	0	45s	100	1	2414
r	593	433	10	10	0	0	45s	100	1	2414
r	595	435	10	10	0	0	45s	100	1	2414
r	618	450	10	10	0	0	45s	100	1	2414
r	620	450	10	10	0	0	45s	100	1	2414
r	620	445	10	10	0	0	45s	100	1	2414
r	598	448	10	10	0	0	45s	100	1	2414
r	600	445	10	10	0	0	45s	100	1	2414
r	608	440	10	10	0	0	45s	100	1	2414
r	610	420	10	10	0	0	45s	100	1	2414
r	610	418	10	10	0	0	45s	100	1	2414
r	595	423	10	10	0	0	45s	100	1	2414
r	595	423	10	10	0	0	45s	100	1	2414
r	603	355	10	10	0	0	45s	100	1	2414
r	608	350	10	10	0	0	45s	100	1	2414
r	610	340	10	10	0	0	45s	100	1	2414
r	610	338	10	10	0	0	45s	100	1	2414
r	608	338	10	10	0	0	45s	100	1	2414
r	603	338	10	10	0	0	45s	100	1	2414
r	595	338	10	10	0	0	45s	100	1	2414
r	631	362	10	10	0	0	45s	100	1	2414
r	627	342	10	10	0	0	45s	100	1	2414
r	627	327	10	10	0	0	45s	100	1	2414
r	624	327	10	10	0	0	45s	100	1	2414
r	598	327	10	10	0	0	45s	100	1	2414
r	591	333	10	10	0	0	45s	100	1	2414
r	589	353	10	10	0	0	45s	100	1	2414
r	598	356	10	10	0	0	45s	100	1	2414
r	482	356	10	10	0	0	45s	100	1	2414
r	487	342	10	10	0	0	45s	100	1	2414
r	487	340	10	10	0	0	45s	100	1	2414
r	487	340	10	10	0	0	45s	100	1	2414
r	487	340	10	10	0	0	45s	100	1	2414
r	478	340	10	10	0	0	45s	100	1	2414
r	464	342	10	10	0	0	45s	100	1	2414
r	462	344	10	10	0	0	45s	100	1	2414
r	471	360	10	10	0	0	45s	100	1	2414
r	509	356	10	10	0	0	45s	100	1	2414
r	507	333	10	10	0	0	45s	100	1	2414
r	487	333	10	10	0	0	45s	100	1	2414
r	498	356	10	10	0	0	45s	100	1	2414
r	1331	269	10	10	0	0	45s	100	1	2414
r	1329	258	10	10	0	0	45s	100	1	2414
r	1322	256	10	10	0	0	45s	100	1	2414
r	1313	258	10	10	0	0	45s	100	1	2414
r	1327	293	10	10	0	0	45s	100	1	2414
r	1322	271	10	10	0	0	45s	100	1	2414
r	909	349	10	10	0	0	45s	100	1	2414
r	918	344	10	10	0	0	45s	100	1	2414
r	922	344	10	10	0	0	45s	100	1	2414
r	938	349	10	10	0	0	45s	100	1	2414
r	940	358	10	10	0	0	45s	100	1	2414
r	924	362	10	10	0	0	45s	100	1	2414
r	911	378	10	10	0	0	45s	100	1	2414
r	909	373	10	10	0	0	45s	100	1	2414
r	904	364	10	10	0	0	45s	100	1	2414
r	902	358	10	10	0	0	45s	100	1	2414
r	898	342	10	10	0	0	45s	100	1	2414
r	898	338	10	10	0	0	45s	100	1	2414
r	931	376	10	10	0	0	45s	100	1	2414
r	907	360	10	10	0	0	45s	100	1	2414
r	738	340	10	10	0	0	45s	100	1	2414
r	742	338	10	10	0	0	45s	100	1	2414
r	742	338	10	10	0	0	45s	100	1	2414
r	758	338	10	10	0	0	45s	100	1	2414
r	758	338	10	10	0	0	45s	100	1	2414
r	762	351	10	10	0	0	45s	100	1	2414
r	758	362	10	10	0	0	45s	100	1	2414
r	747	367	10	10	0	0	45s	100	1	2414
r	744	367	10	10	0	0	45s	100	1	2414
r	736	358	10	10	0	0	45s	100	1	2414
r	731	351	10	10	0	0	45s	100	1	2414
r	727	336	10	10	0	0	45s	100	1	2414
r	731	324	10	10	0	0	45s	100	1	2414
r	753	320	10	10	0	0	45s	100	1	2414
r	758	322	10	10	0	0	45s	100	1	2414
r	764	336	10	10	0	0	45s	100	1	2414
r	764	364	10	10	0	0	45s	100	1	2414
r	727	351	10	10	0	0	45s	100	1	2414
r	804	424	10	10	0	0	45s	100	1	2414
r	807	424	10	10	0	0	45s	100	1	2414
r	820	436	10	10	0	0	45s	100	1	2414
r	818	444	10	10	0	0	45s	100	1	2414
r	809	451	10	10	0	0	45s	100	1	2414
r	807	451	10	10	0	0	45s	100	1	2414
r	800	433	10	10	0	0	45s	100	1	2414
r	800	424	10	10	0	0	45s	100	1	2414
r	811	420	10	10	0	0	45s	100	1	2414
r	813	422	10	10	0	0	45s	100	1	2414
r	816	433	10	10	0	0	45s	100	1	2414
r	807	444	10	10	0	0	45s	100	1	2414
r	787	429	10	10	0	0	45s	100	1	2414
r	813	444	10	10	0	0	45s	100	1	2414
r	818	444	10	10	0	0	45s	100	1	2414
r	829	420	10	10	0	0	45s	100	1	2414
r	622	436	10	10	0	0	45s	100	1	2414
r	624	424	10	10	0	0	45s	100	1	2414
r	602	413	10	10	0	0	45s	100	1	2414
r	582	451	10	10	0	0	45s	100	1	2414
r	267	429	10	10	0	0	45s	100	1	2414
r	267	416	10	10	0	0	45s	100	1	2414
r	244	398	10	10	0	0	45s	100	1	2414
r	247	418	10	10	0	0	45s	100	1	2414
r	233	407	10	10	0	0	45s	100	1	2414
r	264	289	10	10	0	0	45s	100	1	2414
r	267	267	10	10	0	0	45s	100	1	2414
r	260	569	10	10	0	0	45s	100	1	2414
r	258	569	10	10	0	0	45s	100	1	2414
r	258	567	10	10	0	0	45s	100	1	2414
r	238	562	10	10	0	0	45s	100	1	2414
r	231	562	10	10	0	0	45s	100	1	2414
r	238	549	10	10	0	0	45s	100	1	2414
r	240	549	10	10	0	0	45s	100	1	2414
r	240	549	10	10	0	0	45s	100	1	2414
r	251	549	10	10	0	0	45s	100	1	2414
r	256	549	10	10	0	0	45s	100	1	2414
r	256	571	10	10	0	0	45s	100	1	2414
r	253	576	10	10	0	0	45s	100	1	2414
r	247	578	10	10	0	0	45s	100	1	2414
r	244	578	10	10	0	0	45s	100	1	2414
r	238	573	10	10	0	0	45s	100	1	2414
r	227	544	10	10	0	0	45s	100	1	2414
r	353	553	10	10	0	0	45s	100	1	2414
r	353	553	10	10	0	0	45s	100	1	2414
r	338	547	10	10	0	0	45s	100	1	2414
r	331	547	10	10	0	0	45s	100	1	2414
r	327	553	10	10	0	0	45s	100	1	2414
r	338	569	10	10	0	0	45s	100	1	2414
r	344	569	10	10	0	0	45s	100	1	2414
r	356	560	10	10	0	0	45s	100	1	2414
r	356	556	10	10	0	0	45s	100	1	2414
r	360	558	10	10	0	0	45s	100	1	2414
r	356	567	10	10	0	0	45s	100	1	2414
r	351	569	10	10	0	0	45s	100	1	2414
r	338	551	10	10	0	0	45s	100	1	2414
r	329	631	10	10	0	0	45s	100	1	2414
r	327	631	10	10	0	0	45s	100	1	2414
r	311	644	10	10	0	0	45s	100	1	2414
r	309	647	10	10	0	0	45s	100	1	2414
r	307	636	10	10	0	0	45s	100	1	2414
r	307	620	10	10	0	0	45s	100	1	2414
r	307	620	10	10	0	0	45s	100	1	2414
r	311	620	10	10	0	0	45s	100	1	2414
r	324	636	10	10	0	0	45s	100	1	2414
r	324	651	10	10	0	0	45s	100	1	2414
r	327	660	10	10	0	0	45s	100	1	2414
r	313	649	10	10	0	0	45s	100	1	2414
r	307	638	10	10	0	0	45s	100	1	2414
r	307	633	10	10	0	0	45s	100	1	2414
r	409	640	10	10	0	0	45s	100	1	2414
r	411	640	10	10	0	0	45s	100	1	2414
r	422	638	10	10	0	0	45s	100	1	2414
r	424	627	10	10	0	0	45s	100	1	2414
r	424	627	10	10	0	0	45s	100	1	2414
r	413	624	10	10	0	0	45s	100	1	2414
r	400	624	10	10	0	0	45s	100	1	2414
r	398	629	10	10	0	0	45s	100	1	2414
r	398	638	10	10	0	0	45s	100	1	2414
r	398	640	10	10	0	0	45s	100	1	2414
r	407	647	10	10	0	0	45s	100	1	2414
r	418	651	10	10	0	0	45s	100	1	2414
r	427	647	10	10	0	0	45s	100	1	2414
r	431	636	10	10	0	0	45s	100	1	2414
r	431	624	10	10	0	0	45s	100	1	2414
r	418	620	10	10	0	0	45s	100	1	2414
r	316	620	10	10	0	0	45s	100	1	2414
r	311	620	10	10	0	0	45s	100	1	2414
r	311	633	10	10	0	0	45s	100	1	2414
r	311	636	10	10	0	0	45s	100	1	2414
r	311	647	10	10	0	0	45s	100	1	2414
r	327	633	10	10	0	0	45s	100	1	2414
r	329	624	10	10	0	0	45s	100	1	2414
r	333	551	10	10	0	0	45s	100	1	2414
r	333	567	10	10	0	0	45s	100	1	2414
r	342	567	10	10	0	0	45s	100	1	2414
r	342	560	10	10	0	0	45s	100	1	2414
r	351	547	10	10	0	0	45s	100	1	2414
r	253	556	10	10	0	0	45s	100	1	2414
r	251	549	10	10	0	0	45s	100	1	2414
r	238	553	10	10	0	0	45s	100	1	2414
r	231	560	10	10	0	0	45s	100	1	2414
r	920	449	10	10	0	0	45s	100	1	2414
r	913	449	10	10	0	0	45s	100	1	2414
r	896	451	10	10	0	0	45s	100	1	2414
r	907	464	10	10	0	0	45s	100	1	2414
r	938	451	10	10	0	0	45s	100	1	2414
r	902	460	10	10	0	0	45s	100	1	2414
r	902	451	10	10	0	0	45s	100	1	2414
r	933	469	10	10	0	0	45s	100	1	2414
r	918	476	10	10	0	0	45s	100	1	2414
r	911	476	10	10	0	0	45s	100	1	2414
r	902	471	10	10	0	0	45s	100	1	2414
r	902	429	10	10	0	0	45s	100	1	2414
r	916	444	10	10	0	0	45s	100	1	2414
r	927	462	10	10	0	0	45s	100	1	2414
r	911	471	10	10	0	0	45s	100	1	2414
r	900	456	10	10	0	0	45s	100	1	2414
r	1056	353	10	10	0	0	45s	100	1	2414
r	1056	353	10	10	0	0	45s	100	1	2414
r	1056	353	10	10	0	0	45s	100	1	2414
r	1051	340	10	10	0	0	45s	100	1	2414
r	1036	347	10	10	0	0	45s	100	1	2414
r	1036	358	10	10	0	0	45s	100	1	2414
r	1040	369	10	10	0	0	45s	100	1	2414
r	1049	376	10	10	0	0	45s	100	1	2414
r	1062	362	10	10	0	0	45s	100	1	2414
r	1071	340	10	10	0	0	45s	100	1	2414
r	1071	340	10	10	0	0	45s	100	1	2414
r	1044	344	10	10	0	0	45s	100	1	2414
r	1040	364	10	10	0	0	45s	100	1	2414
r	1040	369	10	10	0	0	45s	100	1	2414
r	1062	462	10	10	0	0	45s	100	1	2414
r	1062	462	10	10	0	0	45s	100	1	2414
r	1060	456	10	10	0	0	45s	100	1	2414
r	1058	444	10	10	0	0	45s	100	1	2414
r	1058	444	10	10	0	0	45s	100	1	2414
r	1049	444	10	10	0	0	45s	100	1	2414
r	1040	447	10	10	0	0	45s	100	1	2414
r	1044	469	10	10	0	0	45s	100	1	2414
r	1044	471	10	10	0	0	45s	100	1	2414
r	1051	451	10	10	0	0	45s	100	1	2414
r	1053	460	10	10	0	0	45s	100	1	2414
r	1051	462	10	10	0	0	45s	100	1	2414
r	1067	464	10	10	0	0	45s	100	1	2414
r	1064	438	10	10	0	0	45s	100	1	2414
r	1044	444	10	10	0	0	45s	100	1	2414
r	1044	462	10	10	0	0	45s	100	1	2414
r	1227	349	10	10	0	0	45s	100	1	2414
r	1227	349	10	10	0	0	45s	100	1	2414
r	1207	360	10	10	0	0	45s	100	1	2414
r	1209	376	10	10	0	0	45s	100	1	2414
r	1233	369	10	10	0	0	45s	100	1	2414
r	1236	367	10	10	0	0	45s	100	1	2414
r	1249	347	10	10	0	0	45s	100	1	2414
r	1249	342	10	10	0	0	45s	100	1	2414
r	1242	338	10	10	0	0	45s	100	1	2414
r	1220	340	10	10	0	0	45s	100	1	2414
r	1220	342	10	10	0	0	45s	100	1	2414
r	1224	358	10	10	0	0	45s	100	1	2414
r	1231	367	10	10	0	0	45s	100	1	2414
r	1231	378	10	10	0	0	45s	100	1	2414
r	1238	324	10	10	0	0	45s	100	1	2414
r	1342	411	10	10	0	0	45s	100	1	2414
r	1342	389	10	10	0	0	45s	100	1	2414
r	1336	387	10	10	0	0	45s	100	1	2414
r	1327	391	10	10	0	0	45s	100	1	2414
r	1320	398	10	10	0	0	45s	100	1	2414
r	1313	411	10	10	0	0	45s	100	1	2414
r	1311	411	10	10	0	0	45s	100	1	2414
r	1311	396	10	10	0	0	45s	100	1	2414
r	1329	391	10	10	0	0	45s	100	1	2414
r	1338	398	10	10	0	0	45s	100	1	2414
r	1338	424	10	10	0	0	45s	100	1	2414
r	1336	427	10	10	0	0	45s	100	1	2414
r	1327	418	10	10	0	0	45s	100	1	2414
r	1327	418	10	10	0	0	45s	100	1	2414
r	1327	413	10	10	0	0	45s	100	1	2414
r	1447	398	10	10	0	0	45s	100	1	2414
r	1442	400	10	10	0	0	45s	100	1	2414
r	1440	402	10	10	0	0	45s	100	1	2414
r	1433	404	10	10	0	0	45s	100	1	2414
r	1431	407	10	10	0	0	45s	100	1	2414
r	1436	416	10	10	0	0	45s	100	1	2414
r	1460	413	10	10	0	0	45s	100	1	2414
r	1464	411	10	10	0	0	45s	100	1	2414
r	1460	402	10	10	0	0	45s	100	1	2414
r	1453	396	10	10	0	0	45s	100	1	2414
r	1438	389	10	10	0	0	45s	100	1	2414
r	1429	391	10	10	0	0	45s	100	1	2414
r	1413	402	10	10	0	0	45s	100	1	2414
r	1418	411	10	10	0	0	45s	100	1	2414
r	1433	418	10	10	0	0	45s	100	1	2414
r	1433	402	10	10	0	0	45s	100	1	2414
r	1449	416	10	10	0	0	45s	100	1	2414
r	1433	418	10	10	0	0	45s	100	1	2414
r	1438	378	10	10	0	0	45s	100	1	2414
r	398	731	10	10	0	0	45s	100	1	2414
r	398	731	10	10	0	0	45s	100	1	2414
r	384	729	10	10	0	0	45s	100	1	2414
r	376	733	10	10	0	0	45s	100	1	2414
r	376	736	10	10	0	0	45s	100	1	2414
r	384	749	10	10	0	0	45s	100	1	2414
r	391	749	10	10	0	0	45s	100	1	2414
r	407	747	10	10	0	0	45s	100	1	2414
r	409	716	10	10	0	0	45s	100	1	2414
r	391	718	10	10	0	0	45s	100	1	2414
r	384	718	10	10	0	0	45s	100	1	2414
r	371	736	10	10	0	0	45s	100	1	2414
r	384	753	10	10	0	0	45s	100	1	2414
r	407	729	10	10	0	0	45s	100	1	2414
r	409	742	10	10	0	0	45s	100	1	2414
r	409	716	10	10	0	0	45s	100	1	2414
r	391	727	10	10	0	0	45s	100	1	2414
r	378	742	10	10	0	0	45s	100	1	2414
r	393	756	10	10	0	0	45s	100	1	2414
r	396	729	10	10	0	0	45s	100	1	2414
r	402	991	10	10	0	0	45s	100	1	2414
r	387	993	10	10	0	0	45s	100	1	2414
r	373	998	10	10	0	0	45s	100	1	2414
r	387	1007	10	10	0	0	45s	100	1	2414
r	387	1007	10	10	0	0	45s	100	1	2414
r	402	1011	10	10	0	0	45s	100	1	2414
r	402	1011	10	10	0	0	45s	100	1	2414
r	411	996	10	10	0	0	45s	100	1	2414
r	396	998	10	10	0	0	45s	100	1	2414
r	389	1022	10	10	0	0	45s	100	1	2414
r	378	1000	10	10	0	0	45s	100	1	2414
r	378	998	10	10	0	0	45s	100	1	2414
r	380	998	10	10	0	0	45s	100	1	2414
r	407	1007	10	10	0	0	45s	100	1	2414
r	407	1013	10	10	0	0	45s	100	1	2414
r	384	1016	10	10	0	0	45s	100	1	2414
r	609	987	10	10	0	0	45s	100	1	2414
r	604	991	10	10	0	0	45s	100	1	2414
r	596	998	10	10	0	0	45s	100	1	2414
r	587	1004	10	10	0	0	45s	100	1	2414
r	587	1007	10	10	0	0	45s	100	1	2414
r	587	1011	10	10	0	0	45s	100	1	2414
r	613	1022	10	10	0	0	45s	100	1	2414
r	613	1020	10	10	0	0	45s	100	1	2414
r	598	1002	10	10	0	0	45s	100	1	2414
r	593	996	10	10	0	0	45s	100	1	2414
r	589	993	10	10	0	0	45s	100	1	2414
r	589	993	10	10	0	0	45s	100	1	2414
r	587	993	10	10	0	0	45s	100	1	2414
r	582	1011	10	10	0	0	45s	100	1	2414
r	611	1020	10	10	0	0	45s	100	1	2414
r	611	1013	10	10	0	0	45s	100	1	2414
r	609	993	10	10	0	0	45s	100	1	2414
r	609	993	10	10	0	0	45s	100	1	2414
r	587	1009	10	10	0	0	45s	100	1	2414
r	600	1024	10	10	0	0	45s	100	1	2414
r	613	996	10	10	0	0	45s	100	1	2414
r	587	982	10	10	0	0	45s	100	1	2414
r	591	1082	10	10	0	0	45s	100	1	2414
r	609	1080	10	10	0	0	45s	100	1	2414
r	593	1067	10	10	0	0	45s	100	1	2414
r	593	1102	10	10	0	0	45s	100	1	2414
r	611	1093	10	10	0	0	45s	100	1	2414
r	596	1107	10	10	0	0	45s	100	1	2414
r	582	1071	10	10	0	0	45s	100	1	2414
r	460	1089	10	10	0	0	45s	100	1	2414
r	462	1087	10	10	0	0	45s	100	1	2414
r	464	1082	10	10	0	0	45s	100	1	2414
r	449	1076	10	10	0	0	45s	100	1	2414
r	447	1076	10	10	0	0	45s	100	1	2414
r	447	1082	10	10	0	0	45s	100	1	2414
r	453	1093	10	10	0	0	45s	100	1	2414
r	458	1096	10	10	0	0	45s	100	1	2414
r	473	1089	10	10	0	0	45s	100	1	2414
r	476	1084	10	10	0	0	45s	100	1	2414
r	469	1076	10	10	0	0	45s	100	1	2414
r	462	1204	10	10	0	0	45s	100	1	2414
r	462	1193	10	10	0	0	45s	100	1	2414
r	453	1198	10	10	0	0	45s	100	1	2414
r	453	1198	10	10	0	0	45s	100	1	2414
r	453	1204	10	10	0	0	45s	100	1	2414
r	460	1213	10	10	0	0	45s	100	1	2414
r	449	1216	10	10	0	0	45s	100	1	2414
r	438	1213	10	10	0	0	45s	100	1	2414
r	309	1078	10	10	0	0	45s	100	1	2414
r	316	1078	10	10	0	0	45s	100	1	2414
r	329	1082	10	10	0	0	45s	100	1	2414
r	329	1087	10	10	0	0	45s	100	1	2414
r	322	1100	10	10	0	0	45s	100	1	2414
r	320	1100	10	10	0	0	45s	100	1	2414
r	313	1096	10	10	0	0	45s	100	1	2414
r	307	1078	10	10	0	0	45s	100	1	2414
r	311	1076	10	10	0	0	45s	100	1	2414
r	333	1091	10	10	0	0	45s	100	1	2414
r	329	1098	10	10	0	0	45s	100	1	2414
r	322	1100	10	10	0	0	45s	100	1	2414
r	318	1093	10	10	0	0	45s	100	1	2414
r	316	1087	10	10	0	0	45s	100	1	2414
r	316	1087	10	10	0	0	45s	100	1	2414
r	751	1009	10	10	0	0	45s	100	1	2414
r	753	1009	10	10	0	0	45s	100	1	2414
r	762	1007	10	10	0	0	45s	100	1	2414
r	764	1004	10	10	0	0	45s	100	1	2414
r	764	1002	10	10	0	0	45s	100	1	2414
r	753	1000	10	10	0	0	45s	100	1	2414
r	751	1000	10	10	0	0	45s	100	1	2414
r	740	1004	10	10	0	0	45s	100	1	2414
r	740	1007	10	10	0	0	45s	100	1	2414
r	740	1013	10	10	0	0	45s	100	1	2414
r	744	1020	10	10	0	0	45s	100	1	2414
r	760	1020	10	10	0	0	45s	100	1	2414
r	769	1020	10	10	0	0	45s	100	1	2414
r	758	1024	10	10	0	0	45s	100	1	2414
r	736	1033	10	10	0	0	45s	100	1	2414
r	736	1018	10	10	0	0	45s	100	1	2414
r	736	1011	10	10	0	0	45s	100	1	2414
r	736	998	10	10	0	0	45s	100	1	2414
r	758	1002	10	10	0	0	45s	100	1	2414
r	953	1013	10	10	0	0	45s	100	1	2414
r	953	1013	10	10	0	0	45s	100	1	2414
r	962	1007	10	10	0	0	45s	100	1	2414
r	964	1002	10	10	0	0	45s	100	1	2414
r	953	1004	10	10	0	0	45s	100	1	2414
r	947	1009	10	10	0	0	45s	100	1	2414
r	942	1011	10	10	0	0	45s	100	1	2414
r	944	1018	10	10	0	0	45s	100	1	2414
r	960	1022	10	10	0	0	45s	100	1	2414
r	960	1022	10	10	0	0	45s	100	1	2414
r	960	1013	10	10	0	0	45s	100	1	2414
r	951	1000	10	10	0	0	45s	100	1	2414
r	942	1000	10	10	0	0	45s	100	1	2414
r	942	1002	10	10	0	0	45s	100	1	2414
r	951	1096	10	10	0	0	45s	100	1	2414
r	951	1096	10	10	0	0	45s	100	1	2414
r	956	1100	10	10	0	0	45s	100	1	2414
r	956	1111	10	10	0	0	45s	100	1	2414
r	956	1111	10	10	0	0	45s	100	1	2414
r	956	1113	10	10	0	0	45s	100	1	2414
r	949	1116	10	10	0	0	45s	100	1	2414
r	942	1113	10	10	0	0	45s	100	1	2414
r	942	1107	10	10	0	0	45s	100	1	2414
r	947	1096	10	10	0	0	45s	100	1	2414
r	951	1118	10	10	0	0	45s	100	1	2414
r	960	1107	10	10	0	0	45s	100	1	2414
r	960	1100	10	10	0	0	45s	100	1	2414
r	960	1111	10	10	0	0	45s	100	1	2414
r	960	1118	10	10	0	0	45s	100	1	2414
r	958	1118	10	10	0	0	45s	100	1	2414
r	951	1113	10	10	0	0	45s	100	1	2414
r	1160	740	10	10	0	0	45s	100	1	2414
r	1153	740	10	10	0	0	45s	100	1	2414
r	1153	740	10	10	0	0	45s	100	1	2414
r	1153	756	10	10	0	0	45s	100	1	2414
r	1153	756	10	10	0	0	45s	100	1	2414
r	1160	756	10	10	0	0	45s	100	1	2414
r	1167	736	10	10	0	0	45s	100	1	2414
r	1167	736	10	10	0	0	45s	100	1	2414
r	1160	731	10	10	0	0	45s	100	1	2414
r	1151	729	10	10	0	0	45s	100	1	2414
r	1144	729	10	10	0	0	45s	100	1	2414
r	1142	740	10	10	0	0	45s	100	1	2414
r	1140	747	10	10	0	0	45s	100	1	2414
r	1142	758	10	10	0	0	45s	100	1	2414
r	1151	769	10	10	0	0	45s	100	1	2414
r	1160	751	10	10	0	0	45s	100	1	2414
r	1162	747	10	10	0	0	45s	100	1	2414
r	1167	742	10	10	0	0	45s	100	1	2414
r	1167	742	10	10	0	0	45s	100	1	2414
r	1231	742	10	10	0	0	45s	100	1	2414
r	1233	742	10	10	0	0	45s	100	1	2414
r	1242	756	10	10	0	0	45s	100	1	2414
r	1236	758	10	10	0	0	45s	100	1	2414
r	1233	758	10	10	0	0	45s	100	1	2414
r	1231	758	10	10	0	0	45s	100	1	2414
r	1229	751	10	10	0	0	45s	100	1	2414
r	1220	742	10	10	0	0	45s	100	1	2414
r	1218	740	10	10	0	0	45s	100	1	2414
r	1218	733	10	10	0	0	45s	100	1	2414
r	1227	733	10	10	0	0	45s	100	1	2414
r	1220	767	10	10	0	0	45s	100	1	2414
r	1242	549	10	10	0	0	45s	100	1	2414
r	1240	544	10	10	0	0	45s	100	1	2414
r	1229	531	10	10	0	0	45s	100	1	2414
r	1224	529	10	10	0	0	45s	100	1	2414
r	1222	542	10	10	0	0	45s	100	1	2414
r	1220	551	10	10	0	0	45s	100	1	2414
r	1220	556	10	10	0	0	45s	100	1	2414
r	1229	558	10	10	0	0	45s	100	1	2414
r	1236	549	10	10	0	0	45s	100	1	2414
r	1236	544	10	10	0	0	45s	100	1	2414
r	1231	544	10	10	0	0	45s	100	1	2414
r	1218	549	10	10	0	0	45s	100	1	2414
r	1213	542	10	10	0	0	45s	100	1	2414
r	1322	544	10	10	0	0	45s	100	1	2414
r	1329	544	10	10	0	0	45s	100	1	2414
r	1336	542	10	10	0	0	45s	100	1	2414
r	1336	540	10	10	0	0	45s	100	1	2414
r	1336	536	10	10	0	0	45s	100	1	2414
r	1336	531	10	10	0	0	45s	100	1	2414
r	1336	529	10	10	0	0	45s	100	1	2414
r	1329	527	10	10	0	0	45s	100	1	2414
r	1322	531	10	10	0	0	45s	100	1	2414
r	1322	536	10	10	0	0	45s	100	1	2414
r	1320	551	10	10	0	0	45s	100	1	2414
r	1322	560	10	10	0	0	45s	100	1	2414
r	1329	562	10	10	0	0	45s	100	1	2414
r	1338	562	10	10	0	0	45s	100	1	2414
r	1338	549	10	10	0	0	45s	100	1	2414
r	1338	544	10	10	0	0	45s	100	1	2414
r	1338	540	10	10	0	0	45s	100	1	2414
r	1309	540	10	10	0	0	45s	100	1	2414
r	1340	540	10	10	0	0	45s	100	1	2414
r	367	338	10	10	0	0	45s	100	1	2414
r	362	329	10	10	0	0	45s	100	1	2414
r	353	329	10	10	0	0	45s	100	1	2414
r	347	327	10	10	0	0	45s	100	1	2414
r	340	327	10	10	0	0	45s	100	1	2414
r	327	331	10	10	0	0	45s	100	1	2414
r	333	358	10	10	0	0	45s	100	1	2414
r	342	260	10	10	0	0	45s	100	1	2414
r	260	560	10	10	0	0	45s	100	1	2414
r	249	722	10	10	0	0	45s	100	1	2414
r	231	724	10	10	0	0	45s	100	1	2414
r	240	722	10	10	0	0	45s	100	1	2414
r	240	720	10	10	0	0	45s	100	1	2414
r	244	698	10	10	0	0	45s	100	1	2414
r	140	729	10	10	0	0	45s	100	1	2414
r	147	724	10	10	0	0	45s	100	1	2414
r	156	711	10	10	0	0	45s	100	1	2414
r	142	716	10	10	0	0	45s	100	1	2414
r	138	720	10	10	0	0	45s	100	1	2414
r	1149	1000	10	10	0	0	45s	100	1	2414
r	1149	1000	10	10	0	0	45s	100	1	2414
r	1169	1007	10	10	0	0	45s	100	1	2414
r	1171	1007	10	10	0	0	45s	100	1	2414
r	1164	1013	10	10	0	0	45s	100	1	2414
r	1158	1022	10	10	0	0	45s	100	1	2414
r	1149	1020	10	10	0	0	45s	100	1	2414
r	1133	998	10	10	0	0	45s	100	1	2414
r	1133	993	10	10	0	0	45s	100	1	2414
r	1169	993	10	10	0	0	45s	100	1	2414
r	1173	1000	10	10	0	0	45s	100	1	2414
r	1162	1013	10	10	0	0	45s	100	1	2414
r	1149	1022	10	10	0	0	45s	100	1	2414
r	1142	1009	10	10	0	0	45s	100	1	2414
r	1142	1000	10	10	0	0	45s	100	1	2414
r	1147	996	10	10	0	0	45s	100	1	2414
r	1242	909	10	10	0	0	45s	100	1	2414
r	1231	907	10	10	0	0	45s	100	1	2414
r	1229	907	10	10	0	0	45s	100	1	2414
r	1233	900	10	10	0	0	45s	100	1	2414
r	1318	900	10	10	0	0	45s	100	1	2414
r	1329	900	10	10	0	0	45s	100	1	2414
r	1333	904	10	10	0	0	45s	100	1	2414
r	1336	916	10	10	0	0	45s	100	1	2414
r	736	1113	10	10	0	0	45s	100	1	2414
r	736	1113	10	10	0	0	45s	100	1	2414
r	736	1100	10	10	0	0	45s	100	1	2414
r	731	1096	10	10	0	0	45s	100	1	2414
r	716	1096	10	10	0	0	45s	100	1	2414
r	716	1102	10	10	0	0	45s	100	1	2414
r	724	1120	10	10	0	0	45s	100	1	2414
r	727	1124	10	10	0	0	45s	100	1	2414
r	822	1116	10	10	0	0	45s	100	1	2414
r	822	1109	10	10	0	0	45s	100	1	2414
r	818	1102	10	10	0	0	45s	100	1	2414
r	809	1100	10	10	0	0	45s	100	1	2414
r	807	1100	10	10	0	0	45s	100	1	2414
r	802	1113	10	10	0	0	45s	100	1	2414
r	824	1200	10	10	0	0	45s	100	1	2414
r	824	1200	10	10	0	0	45s	100	1	2414
r	818	1209	10	10	0	0	45s	100	1	2414
r	811	1216	10	10	0	0	45s	100	1	2414
r	804	1216	10	10	0	0	45s	100	1	2414
r	802	1207	10	10	0	0	45s	100	1	2414
r	802	1200	10	10	0	0	45s	100	1	2414
r	811	1200	10	10	0	0	45s	100	1	2414
r	927	1211	10	10	0	0	45s	100	1	2414
r	929	1211	10	10	0	0	45s	100	1	2414
r	933	1211	10	10	0	0	45s	100	1	2414
r	938	1196	10	10	0	0	45s	100	1	2414
r	927	1198	10	10	0	0	45s	100	1	2414
r	922	1200	10	10	0	0	45s	100	1	2414
r	918	1202	10	10	0	0	45s	100	1	2414
r	916	1202	10	10	0	0	45s	100	1	2414
r	916	1204	10	10	0	0	45s	100	1	2414
r	931	1211	10	10	0	0	45s	100	1	2414
r	907	1224	10	10	0	0	45s	100	1	2414
r	1089	1111	10	10	0	0	45s	100	1	2414
r	1096	1107	10	10	0	0	45s	100	1	2414
r	1100	1104	10	10	0	0	45s	100	1	2414
r	1102	1111	10	10	0	0	45s	100	1	2414
r	1078	1122	10	10	0	0	45s	100	1	2414
r	1080	1100	10	10	0	0	45s	100	1	2414
r	1084	1098	10	10	0	0	45s	100	1	2414
r	1084	1098	10	10	0	0	45s	100	1	2414
r	1100	1109	10	10	0	0	45s	100	1	2414
r	1100	1207	10	10	0	0	45s	100	1	2414
r	1098	1209	10	10	0	0	45s	100	1	2414
r	1093	1209	10	10	0	0	45s	100	1	2414
r	1091	1209	10	10	0	0	45s	100	1	2414
r	1084	1207	10	10	0	0	45s	100	1	2414
r	1084	1200	10	10	0	0	45s	100	1	2414
r	262	1209	10	10	0	0	45s	100	1	2414
r	256	1209	10	10	0	0	45s	100	1	2414
r	249	1202	10	10	0	0	45s	100	1	2414
r	249	1202	10	10	0	0	45s	100	1	2414
r	231	1209	10	10	0	0	45s	100	1	2414
r	247	1231	10	10	0	0	45s	100	1	2414
r	249	1233	10	10	0	0	45s	100	1	2414
r	244	1216	10	10	0	0	45s	100	1	2414
r	264	733	10	10	0	0	45s	100	1	2414
r	264	716	10	10	0	0	45s	100	1	2414
r	240	733	10	10	0	0	45s	100	1	2414
r	162	729	10	10	0	0	45s	100	1	2414
r	153	1051	10	10	0	0	45s	100	1	2414
r	153	1047	10	10	0	0	45s	100	1	2414
r	151	1042	10	10	0	0	45s	100	1	2414
r	142	1040	10	10	0	0	45s	100	1	2414
r	131	1042	10	10	0	0	45s	100	1	2414
r	129	1047	10	10	0	0	45s	100	1	2414
r	129	1060	10	10	0	0	45s	100	1	2414
r	142	1067	10	10	0	0	45s	100	1	2414
r	147	1067	10	10	0	0	45s	100	1	2414
r	156	1058	10	10	0	0	45s	100	1	2414
r	160	1031	10	10	0	0	45s	100	1	2414
r	162	1031	10	10	0	0	45s	100	1	2414
r	140	1033	10	10	0	0	45s	100	1	2414
r	142	1038	10	10	0	0	45s	100	1	2414
r	147	1051	10	10	0	0	45s	100	1	2414
r	147	1056	10	10	0	0	45s	100	1	2414
r	162	1291	10	10	0	0	45s	100	1	2414
r	156	1289	10	10	0	0	45s	100	1	2414
r	149	1282	10	10	0	0	45s	100	1	2414
r	147	1282	10	10	0	0	45s	100	1	2414
r	133	1289	10	10	0	0	45s	100	1	2414
r	131	1296	10	10	0	0	45s	100	1	2414
r	144	1311	10	10	0	0	45s	100	1	2414
r	147	1311	10	10	0	0	45s	100	1	2414
r	162	1296	10	10	0	0	45s	100	1	2414
r	162	1293	10	10	0	0	45s	100	1	2414
r	144	1302	10	10	0	0	45s	100	1	2414
r	142	1302	10	10	0	0	45s	100	1	2414
r	153	1298	10	10	0	0	45s	100	1	2414
r	149	1293	10	10	0	0	45s	100	1	2414
r	1129	160	10	10	0	0	45s	100	1	2414
r	1107	149	10	10	0	0	45s	100	1	2414
r	1116	158	10	10	0	0	45s	100	1	2414
r	1153	460	10	10	0	0	45s	100	1	2414
r	1155	458	10	10	0	0	45s	100	1	2414
r	1158	443	10	10	0	0	45s	100	1	2414
r	1158	440	10	10	0	0	45s	100	1	2414
r	1148	440	10	10	0	0	45s	100	1	2414
r	1138	443	10	10	0	0	45s	100	1	2414
r	1130	445	10	10	0	0	45s	100	1	2414
r	1135	463	10	10	0	0	45s	100	1	2414
r	1135	463	10	10	0	0	45s	100	1	2414
r	1145	455	10	10	0	0	45s	100	1	2414
r	1153	448	10	10	0	0	45s	100	1	2414
r	1160	443	10	10	0	0	45s	100	1	2414
r	1160	463	10	10	0	0	45s	100	1	2414
r	1160	463	10	10	0	0	45s	100	1	2414
r	1163	460	10	10	0	0	45s	100	1	2414
r	1163	438	10	10	0	0	45s	100	1	2414
r	1138	450	10	10	0	0	45s	100	1	2414
r	1145	468	10	10	0	0	45s	100	1	2414
r	1155	445	10	10	0	0	45s	100	1	2414
r	1318	1033	10	10	0	0	45s	100	1	2414
r	1323	1033	10	10	0	0	45s	100	1	2414
r	1340	1035	10	10	0	0	45s	100	1	2414
r	1340	1053	10	10	0	0	45s	100	1	2414
r	1330	1065	10	10	0	0	45s	100	1	2414
r	1315	1055	10	10	0	0	45s	100	1	2414
r	1313	1040	10	10	0	0	45s	100	1	2414
r	1315	1038	10	10	0	0	45s	100	1	2414
r	1330	1038	10	10	0	0	45s	100	1	2414
r	1348	1050	10	10	0	0	45s	100	1	2414
